Embeddings as Features

Base-MLP, default parameters, sentiment classification
[[ 899  564 1560  697]
 [ 345 3622 2639 1174]
 [ 645 1723 6387 2335]
 [ 317  922 2901 7634]]
              precision    recall  f1-score   support

   ambiguous       0.41      0.24      0.30      3720
    negative       0.53      0.47      0.50      7780
     neutral       0.47      0.58      0.52     11090
    positive       0.64      0.65      0.65     11774

    accuracy                           0.54     34364
   macro avg       0.51      0.48      0.49     34364
weighted avg       0.54      0.54      0.53     34364


Base-MLP, default parameters, emotion classification
[[1000   24    7    5   10    8    0   10    1    1    2    3    0    9
     8   54    0   31   91    1  802   12    0    0    0    0    6   26]
 [  41  517    4    9    3    0    1    4    0    0    4    2    0    5
     2   15    0   27   13    0  541    6    0    2    0    2    8    8]
 [  18   10  167   26    1    4    2    3    0    3    8   23    0    0
     6    6    0    2    7    0  715    1    0    0    0    1    9    3]
 [  28   35   69   42    3    7    6   14    0    3   13   30    3    1
     9   24    0    8   22    1 1340    2    0    1    0   13   19   14]
 [ 160   42    7   12   72   16    9   10    2    1   21   11    1    1
     9   12    0   16   42    2 1732   25    0    2    0    6   12    6]
 [  34    6    7    0    4   69    0    5    1    1    1    1    0    0
     3    9    0   19   24    0  502   15    0    0    0    5   10    0]
 [  14   10    1    2    5    2   46   48    2    1    6    0    0    1
     4    7    1    5    8    0  808    4    0    0    0    4    5    7]
 [  24   13    8    8    4    4   14  159    1    0    2    1    1    3
     1    3    0    5    9    1  854    5    0    0    0    1    3   17]
 [  11    5    3    0    6    2    2    1   76    1    1    1    0    1
     0    4    0    7   22    0  271   24    0    0    0    1    5    3]
 [  18   13   18   12    2    5    8    7    3   16    7    9    0    1
     7    9    0    5    7    1  714    3    0    0    0    9   40   11]
 [  31   26   16    8    5    5    7    8    2    1   60   13    1    0
     5    7    0    2    9    0 1300    6    0    0    0    5   17    7]
 [   8    8   32   10    3    4    0    1    0    0    3   85    0    0
     8    2    0    4    2    0  439    4    0    0    0    2   10    1]
 [   3    4    3    7    2    1    1    1    0    0    0    6   10    0
     2    0    0    1    2    0  212    1    0    1    0   11    7    1]
 [  78   12    6    1    3    1    0    8    1    0    1    1    0   29
     3    4    0   44   11    0  359    6    0    0    0    2    4   15]
 [   5   11    3    2    0    1    1    0    0    0    1   13    0    0
   118    0    1    1    0    1  226    2    0    1    0    0    4    1]
 [  77    5    2    1    1   10    0    3    1    0    1    2    0    0
     0 1053    0   24    8    0  176    7    0    1    0   19    4    2]
 [   0    0    4    0    0    0    0    0    1    1    0    0    0    0
     0    0    2    0    0    0   51    1    0    0    0    5    5    0]
 [  72   84    2    0    4    2    0    2    2    2    0    1    0    2
     1   19    0  176   49    0  428   12    0    0    0    3    7    7]
 [  68   13    8    1    1    4    0    6    1    0    1    2    0    1
     0    2    0   17  641    0  257    5    0    0    0    1    2    3]
 [   1    3    1    1    1    1    0    3    0    0    0    1    0    0
     8    0    0    1    0    2  122    0    0    0    0    0    8    1]
 [ 307  172   96   23   37   70   39  102   27    6   51   46    8    8
    59   74    4   57  128    1 9504   46    0    4    0   32   66   56]
 [  46   11    3    1    7   18    3    5   16    1    1    2    0    1
     5   11    0   15   13    0  569  180    0    0    0    0    6    2]
 [  28    4    1    0    1    2    0    0    1    1    2    0    0    1
     0    4    0    6    6    0   80    0    0    0    0    1    1    2]
 [  27   17    3    2    5    6    5    0    4    2    6    7    2    0
     4    8    0    1   12    0  809    2    0   11    0   12    7   18]
 [  12    0    1    3    3    3    1    1    0    0    0    0    0    0
     2   11    0    7    0    0   99    3    0    0    0    0    4    1]
 [   0    3    1    2    1    1    3    2    0    0    1    2    3    0
     1    1    0    1    0    1  124    3    0    2    0  120   23    1]
 [   6    9   10    6    2    5    2    1    1    8    4    4    1    0
    11    1    0    7    6    0  491    6    0    0    0   53  142    5]
 [  38   20    4    1    2    1    4    7    0    0    2    5    1    0
     8    4    0    7    2    0  417    4    0    1    0    1    2  105]]
                precision    recall  f1-score   support

    admiration       0.46      0.47      0.47      2111
     amusement       0.48      0.43      0.45      1214
         anger       0.34      0.16      0.22      1015
     annoyance       0.23      0.02      0.04      1707
      approval       0.38      0.03      0.06      2229
        caring       0.27      0.10      0.14       716
     confusion       0.30      0.05      0.08       991
     curiosity       0.39      0.14      0.20      1141
        desire       0.53      0.17      0.26       447
disappointment       0.33      0.02      0.03       925
   disapproval       0.30      0.04      0.07      1541
       disgust       0.31      0.14      0.19       626
 embarrassment       0.32      0.04      0.07       276
    excitement       0.45      0.05      0.09       589
          fear       0.42      0.30      0.35       392
     gratitude       0.78      0.75      0.77      1397
         grief       0.25      0.03      0.05        70
           joy       0.35      0.20      0.26       875
          love       0.57      0.62      0.59      1034
   nervousness       0.18      0.01      0.02       154
       neutral       0.40      0.86      0.54     11023
      optimism       0.47      0.20      0.28       916
         pride       0.00      0.00      0.00       141
   realization       0.42      0.01      0.02       970
        relief       0.00      0.00      0.00       151
       remorse       0.39      0.41      0.40       296
       sadness       0.33      0.18      0.23       781
      surprise       0.33      0.17      0.22       636

      accuracy                           0.42     34364
     macro avg       0.36      0.20      0.22     34364
  weighted avg       0.40      0.42      0.34     34364


Top-MLP, {'activation': ('identity', 'logistic', 'tanh', 'relu'), 'solver': ('adam', 'sgd'), 'hidden_layer_sizes': [(30, 50), (10, 10, 10)]} , sentiment classification
[[ 785  609 1674  652]
 [ 272 3799 2633 1076]
 [ 567 1937 6348 2238]
 [ 195 1106 3096 7377]]
              precision    recall  f1-score   support

   ambiguous       0.43      0.21      0.28      3720
    negative       0.51      0.49      0.50      7780
     neutral       0.46      0.57      0.51     11090
    positive       0.65      0.63      0.64     11774

    accuracy                           0.53     34364
   macro avg       0.51      0.47      0.48     34364
weighted avg       0.53      0.53      0.53     34364


Top-MLP, {'activation': ('identity', 'logistic', 'tanh', 'relu'), 'solver': ('adam', 'sgd'), 'hidden_layer_sizes': [(30, 50), (10, 10, 10)]} , emotion classification
[[   0    0    0    0    0    0    0    0    0    0    0    0    0    0
     0    0    0    0    0    0    0    0    0    0    0    0    0    0
     0    0]
 [ 203    0  146   65   17   26   14   19   46   24    6   24   23    1
    10   24  127    5   70  109    0    0 2631   39    0    1    3   25
    33   29]
 [   0    0    0    0    0    0    0    0    0    0    0    0    0    0
     0    0    0    0    0    0    0    0    0    0    0    0    0    0
     0    0]
 [   0    0    0    0    0    0    0    0    0    0    0    0    0    0
     0    0    0    0    0    0    0    0    0    0    0    0    0    0
     0    0]
 [   0    0    0    0    0    0    0    0    0    0    0    0    0    0
     0    0    0    0    0    0    0    0    0    0    0    0    0    0
     0    0]
 [   0    0    0    0    0    0    0    0    0    0    0    0    0    0
     0    0    0    0    0    0    0    0    0    0    0    0    0    0
     0    0]
 [   0    0    0    0    0    0    0    0    0    0    0    0    0    0
     0    0    0    0    0    0    0    0    0    0    0    0    0    0
     0    0]
 [   0    0    0    0    0    0    0    0    0    0    0    0    0    0
     0    0    0    0    0    0    0    0    0    0    0    0    0    0
     0    0]
 [   0    0    0    0    0    0    0    0    0    0    0    0    0    0
     0    0    0    0    0    0    0    0    0    0    0    0    0    0
     0    0]
 [   0    0    0    0    0    0    0    0    0    0    0    0    0    0
     0    0    0    0    0    0    0    0    0    0    0    0    0    0
     0    0]
 [   0    0    0    0    0    0    0    0    0    0    0    0    0    0
     0    0    0    0    0    0    0    0    0    0    0    0    0    0
     0    0]
 [   0    0    0    0    0    0    0    0    0    0    0    0    0    0
     0    0    0    0    0    0    0    0    0    0    0    0    0    0
     0    0]
 [   0    0    0    0    0    0    0    0    0    0    0    0    0    0
     0    0    0    0    0    0    0    0    0    0    0    0    0    0
     0    0]
 [   0    0    0    0    0    0    0    0    0    0    0    0    0    0
     0    0    0    0    0    0    0    0    0    0    0    0    0    0
     0    0]
 [   0    0    0    0    0    0    0    0    0    0    0    0    0    0
     0    0    0    0    0    0    0    0    0    0    0    0    0    0
     0    0]
 [   0    0    0    0    0    0    0    0    0    0    0    0    0    0
     0    0    0    0    0    0    0    0    0    0    0    0    0    0
     0    0]
 [   0    0    0    0    0    0    0    0    0    0    0    0    0    0
     0    0    0    0    0    0    0    0    0    0    0    0    0    0
     0    0]
 [   0    0    0    0    0    0    0    0    0    0    0    0    0    0
     0    0    0    0    0    0    0    0    0    0    0    0    0    0
     0    0]
 [   0    0    0    0    0    0    0    0    0    0    0    0    0    0
     0    0    0    0    0    0    0    0    0    0    0    0    0    0
     0    0]
 [   0    0    0    0    0    0    0    0    0    0    0    0    0    0
     0    0    0    0    0    0    0    0    0    0    0    0    0    0
     0    0]
 [ 417    0  245  122   25   52   34   25   97   46   10   29   49    6
    14   37  341    2  153  283    0    3 5454  103    0    5   12   71
    77   68]
 [   0    0    0    0    0    0    0    0    0    0    0    0    0    0
     0    0    0    0    0    0    0    0    0    0    0    0    0    0
     0    0]
 [ 592    0  392  216   37   64   55   45  138   59   19   51   64    9
    19   65  460    1  208  357    0    0 7781  136    0    2   15   99
   110   96]
 [   0    0    0    0    0    0    0    0    0    0    0    0    0    0
     0    0    0    0    0    0    0    0    0    0    0    0    0    0
     0    0]
 [ 608    0  396  193   46   72   58   50  174   53   27   54   65   10
    23   72  462    3  259  412    0    4 8263  125    0    2   13  109
   113  108]
 [   0    0    0    0    0    0    0    0    0    0    0    0    0    0
     0    0    0    0    0    0    0    0    0    0    0    0    0    0
     0    0]
 [   0    0    0    0    0    0    0    0    0    0    0    0    0    0
     0    0    0    0    0    0    0    0    0    0    0    0    0    0
     0    0]
 [   0    0    0    0    0    0    0    0    0    0    0    0    0    0
     0    0    0    0    0    0    0    0    0    0    0    0    0    0
     0    0]
 [   0    0    0    0    0    0    0    0    0    0    0    0    0    0
     0    0    0    0    0    0    0    0    0    0    0    0    0    0
     0    0]
 [   0    0    0    0    0    0    0    0    0    0    0    0    0    0
     0    0    0    0    0    0    0    0    0    0    0    0    0    0
     0    0]]
                precision    recall  f1-score   support

    admiration       0.50      0.43      0.46      2111
     amusement       0.46      0.45      0.45      1214
         anger       0.30      0.17      0.22      1015
     annoyance       0.26      0.02      0.03      1707
      approval       0.38      0.04      0.07      2229
        caring       0.35      0.08      0.13       716
     confusion       0.31      0.04      0.08       991
     curiosity       0.36      0.14      0.20      1141
        desire       0.50      0.20      0.29       447
disappointment       0.21      0.01      0.03       925
   disapproval       0.28      0.03      0.05      1541
       disgust       0.31      0.10      0.15       626
 embarrassment       0.31      0.03      0.05       276
    excitement       0.44      0.05      0.09       589
          fear       0.51      0.26      0.34       392
     gratitude       0.77      0.76      0.76      1397
         grief       0.27      0.04      0.07        70
           joy       0.31      0.25      0.28       875
          love       0.57      0.63      0.60      1034
   nervousness       0.43      0.02      0.04       154
       neutral       0.39      0.86      0.54     11023
      optimism       0.45      0.20      0.28       916
         pride       0.50      0.04      0.07       141
   realization       0.37      0.02      0.03       970
        relief       0.00      0.00      0.00       151
       remorse       0.39      0.40      0.39       296
       sadness       0.37      0.16      0.22       781
      surprise       0.30      0.14      0.19       636

      accuracy                           0.42     34364
     macro avg       0.38      0.20      0.22     34364
  weighted avg       0.39      0.42      0.33     34364


