Base-MNB, default parameters, sentiment classification
[[ 156  316 2165 1204]
 [  24 2686 3165 1749]
 [  57  997 6506 3478]
 [  25  414 2632 8790]]
              precision    recall  f1-score   support

   ambiguous       0.60      0.04      0.08      3841
    negative       0.61      0.35      0.45      7624
     neutral       0.45      0.59      0.51     11038
    positive       0.58      0.74      0.65     11861

    accuracy                           0.53     34364
   macro avg       0.56      0.43      0.42     34364
weighted avg       0.55      0.53      0.50     34364


Base-MNB, default parameters, emotion classification
[[  244     0     0     0     3     0     0     0     0     0     0     0
      0     0     0    16     0     2     6     0  1898     0     0     0
      0     0     0     1]
 [    3    23     0     0     0     0     0     0     0     0     0     0
      0     0     0     2     0     3     0     0  1170     0     0     0
      0     0     0     0]
 [    2     1     7     5     1     0     0     0     0     0     1     0
      0     0     0     0     0     0     0     0  1020     0     0     0
      0     0     0     0]
 [    0     1     1     4     1     0     0     0     0     0     1     0
      0     0     0     0     0     0     0     0  1676     0     0     0
      0     0     0     0]
 [    9     0     0     0    22     0     0     0     0     0     0     0
      0     0     0     0     0     0     2     0  2244     0     0     0
      0     0     0     0]
 [    2     0     0     0     1     0     0     0     0     0     0     0
      0     0     0     1     0     0     0     0   685     0     0     0
      0     0     0     0]
 [    3     0     0     0     0     0     4     0     0     0     0     0
      0     0     0     1     0     0     0     0   954     0     0     0
      0     0     0     0]
 [    2     0     0     0     0     0     0     1     0     0     0     0
      0     0     0     2     0     0     0     0  1221     0     0     0
      0     0     0     0]
 [    0     0     0     0     0     0     0     0     0     0     0     0
      0     0     0     1     0     0     0     0   408     0     0     0
      0     0     0     0]
 [    1     0     0     0     0     0     0     0     0     1     0     0
      0     0     0     1     0     0     0     0   997     0     0     0
      0     0     0     0]
 [    2     1     0     1     1     0     0     0     0     0     0     0
      0     0     0     1     0     0     0     0  1513     0     0     0
      0     0     0     0]
 [    0     0     1     1     0     0     0     0     0     0     0     6
      0     0     0     0     0     0     0     0   591     0     0     0
      0     0     0     0]
 [    0     0     0     1     0     0     0     0     0     0     0     0
      0     0     0     0     0     0     0     0   289     0     0     0
      0     0     0     0]
 [   17     1     0     0     0     0     0     0     0     0     0     0
      0     3     0     2     0    10     1     0   548     0     0     0
      0     0     0     0]
 [    1     1     0     0     0     0     0     0     0     0     0     0
      0     0     0     0     0     0     0     0   326     0     0     0
      0     0     0     0]
 [   20     1     0     0     1     0     0     0     0     0     0     0
      0     0     0   410     0     5     0     0   950     0     0     0
      0     0     0     0]
 [    0     0     0     0     0     0     0     0     0     0     0     0
      0     0     0     0     0     0     0     0    60     0     0     0
      0     0     0     0]
 [    5     4     0     0     3     0     0     0     0     0     0     0
      0     0     0     5     0    14     4     0   855     0     0     0
      0     0     0     0]
 [    9     0     0     0     2     0     0     0     0     0     0     0
      0     0     0     1     0     0    41     0   930     0     0     0
      0     0     1     0]
 [    0     0     0     0     0     0     1     0     0     0     0     0
      0     0     0     0     0     0     0     0   147     0     0     0
      0     0     0     0]
 [   31     3     4     5    14     0     0     1     0     1     3     0
      0     0     0     9     0     1     5     0 10953     2     0     0
      0     0     0     0]
 [    5     0     0     0     0     0     0     0     0     0     0     0
      0     0     0     0     0     0     0     0   884     1     0     0
      0     0     0     0]
 [    3     0     0     0     0     0     0     0     0     0     0     0
      0     0     0     0     0     0     0     0   143     0     0     0
      0     0     0     0]
 [    0     0     0     0     2     0     0     0     0     0     0     0
      0     0     0     0     0     0     0     0   954     0     0     0
      0     0     0     0]
 [    0     0     0     0     0     0     0     0     0     0     0     0
      0     0     0     0     0     0     0     0   149     0     0     0
      0     0     0     0]
 [    0     0     0     0     0     0     0     0     0     0     0     0
      0     0     0     1     0     0     0     0   314     0     0     0
      0     0     0     0]
 [    0     1     1     1     0     0     1     0     0     0     0     0
      0     0     0     0     0     0     0     0   792     0     0     0
      0     0     0     0]
 [    7     0     0     0     0     0     1     0     0     0     1     0
      0     0     0     0     0     1     0     0   627     0     0     0
      0     0     0     1]]
                precision    recall  f1-score   support

    admiration       0.67      0.11      0.19      2170
     amusement       0.62      0.02      0.04      1201
         anger       0.50      0.01      0.01      1037
     annoyance       0.22      0.00      0.00      1684
      approval       0.43      0.01      0.02      2277
        caring       0.00      0.00      0.00       689
     confusion       0.57      0.00      0.01       962
     curiosity       0.50      0.00      0.00      1226
        desire       0.00      0.00      0.00       409
disappointment       0.50      0.00      0.00      1000
   disapproval       0.00      0.00      0.00      1519
       disgust       1.00      0.01      0.02       599
 embarrassment       0.00      0.00      0.00       290
    excitement       1.00      0.01      0.01       582
          fear       0.00      0.00      0.00       328
     gratitude       0.91      0.30      0.45      1387
         grief       0.00      0.00      0.00        60
           joy       0.39      0.02      0.03       890
          love       0.69      0.04      0.08       984
   nervousness       0.00      0.00      0.00       148
       neutral       0.33      0.99      0.49     11032
      optimism       0.33      0.00      0.00       890
         pride       0.00      0.00      0.00       146
   realization       0.00      0.00      0.00       956
        relief       0.00      0.00      0.00       149
       remorse       0.00      0.00      0.00       315
       sadness       0.00      0.00      0.00       796
      surprise       0.50      0.00      0.00       638

      accuracy                           0.34     34364
     macro avg       0.33      0.05      0.05     34364
  weighted avg       0.39      0.34      0.20     34364


Base-DT, default parameters, sentiment classification
[[1878  597  906  460]
 [ 841 4580 1466  737]
 [1663 2466 5230 1679]
 [ 845 1355 2685 6976]]
              precision    recall  f1-score   support

   ambiguous       0.36      0.49      0.41      3841
    negative       0.51      0.60      0.55      7624
     neutral       0.51      0.47      0.49     11038
    positive       0.71      0.59      0.64     11861

    accuracy                           0.54     34364
   macro avg       0.52      0.54      0.52     34364
weighted avg       0.56      0.54      0.55     34364


Base-DT, default parameters, emotion classification
[[1177   56   20   33  159   19   10   19   15   13   18    9    4   55
     4   72    0   45   80    0  294   22   14    4    3    1    5   19]
 [  52  682   25   50   37    6   15    4    6    8   17    4    3   23
     4    6    2   44    9    2  166   15    0    8    0    2    1   10]
 [  19   26  376  158   42   14   13   22    3   25   45   41    3    7
     7    3    0    2    5    0  201    5    0    8    1    0    7    4]
 [  52   69  233  344  104   34   35   39   14   71  117   50   19    8
     7   13    1    6   11    5  391   12    1   22    0    7   14    5]
 [ 197   49   48  143  621   70   35   37   27   41   79   13    9   26
    15   21    0   48   34    7  654   28    5   33    2    4   21   10]
 [  39    7   17   40   58  211    8   11   11   14   16    1    1    5
     3   16    2   11   12    3  148   23    4    3    2    7   14    2]
 [  23   26   30   63   40    9  256  122    7   12   30   10    8    7
     7    6    1    2    4    6  257   11    0    5    0    3    7   10]
 [  28   25   26   62   49   20  186  415   11   12   16    6    3   25
     8    4    2    3    7    1  281    7    1    4    1    1    2   20]
 [   9   12    8   20   38   18    4    5  120    9    5    1    2    7
     1    5    1    7   12    2  100   17    0    4    0    0    2    0]
 [  26   28   51  115   62   25   21   13   10  157   80   29    9    7
     7    7    5    7    4   10  233    7    2   11    3   11   51    9]
 [  44   43   94  198  116   23   54   23   12   79  346   28    8    5
    10    9    3    5   11    4  340   13    1   16    1    1   19   13]
 [  19   21   62   92   26    4   11    6    6   27   37  120    9    2
     6    0    2    1    3    0  119    4    0    3    0    2   13    4]
 [   5   12   15   32   17    3    8    5    2   13   13   14   60    2
     5    3    0    0    3    1   57    2    0    1    0    6    6    5]
 [  89   27    4   18   43   10    9   16   14    9    4    2    0  128
     1    7    0   34   18    0  116    6    2    1    0    1    1   22]
 [   7   13   10   25   17    8    3    7    1   10   11   11    3    1
   123    0    3    4    0    3   55    0    0    4    1    0    5    3]
 [ 100   20    5   15   36   24    1    8    5    4    8    1    1   17
     0 1015    0   27    6    0   62   12    1    1    1   14    3    0]
 [   4    1    3    4    4    3    0    0    0    7    1    2    1    0
     1    1    6    1    0    1    9    0    1    1    0    3    5    1]
 [ 102  135    7   26   57   15    6   10    7    8    4    1    3   53
     4   26    0  219   45    1  135   13    0    8    1    0    0    4]
 [ 123   20    7   19   55   14    7    4   19   11   13    2    1   16
     0   11    0   38  520    0   87    5    0    5    1    2    4    0]
 [   4    0    6   14   13    8    7    3    0   11    4    1    7    2
     6    1    0    0    2   18   30    3    0    2    0    3    2    1]
 [ 526  364  441  741 1081  249  435  409  123  271  542  113   60  151
    70   76   21  145  120   27 4616  105   14  126   14   30   85   77]
 [  72   17   14   39   96   49   11   13   47   12   22    5    3   13
     4   23    1   21    6    3  217  180    3    5    0    1    6    7]
 [  28    5    3    9    9    5    5    0    1    6    4    0    0    4
     0    5    0    5    1    0   43    3    9    0    1    0    0    0]
 [  35   31   35   61  124   19   50   12    6   41   44    7    3   14
     3    4    4   14   10    1  337    8    1   63    0   12    5   12]
 [  15    0    4    5   21    9    2    1    1    6    1    0    1    3
     0   14    0   14    1    0   26    4    1    3   13    0    3    1]
 [   4    5    8   16   18   15    5    6    2   20   12    2    9    0
     2   17    4    0    1    0   42    2    0    7    0   91   26    1]
 [  15   12   35   69   33   28   15    7    5   90   33    9    8    5
    10    6   10    8    5   15  183    6    2    5    0   41  135    6]
 [  54   16   24   29   37    5   42   35    3   24   12    4    3   30
     5    4    0    6    2    2  149    4    2    8    1    0    3  134]]
                precision    recall  f1-score   support

    admiration       0.41      0.54      0.47      2170
     amusement       0.40      0.57      0.47      1201
         anger       0.23      0.36      0.28      1037
     annoyance       0.14      0.20      0.17      1684
      approval       0.21      0.27      0.23      2277
        caring       0.23      0.31      0.26       689
     confusion       0.20      0.27      0.23       962
     curiosity       0.33      0.34      0.33      1226
        desire       0.25      0.29      0.27       409
disappointment       0.16      0.16      0.16      1000
   disapproval       0.23      0.23      0.23      1519
       disgust       0.25      0.20      0.22       599
 embarrassment       0.25      0.21      0.23       290
    excitement       0.21      0.22      0.21       582
          fear       0.39      0.38      0.38       328
     gratitude       0.74      0.73      0.73      1387
         grief       0.09      0.10      0.09        60
           joy       0.31      0.25      0.27       890
          love       0.56      0.53      0.54       984
   nervousness       0.16      0.12      0.14       148
       neutral       0.49      0.42      0.45     11032
      optimism       0.35      0.20      0.26       890
         pride       0.14      0.06      0.09       146
   realization       0.17      0.07      0.10       956
        relief       0.28      0.09      0.13       149
       remorse       0.37      0.29      0.33       315
       sadness       0.30      0.17      0.22       796
      surprise       0.35      0.21      0.26       638

      accuracy                           0.35     34364
     macro avg       0.29      0.28      0.28     34364
  weighted avg       0.37      0.35      0.35     34364


Base-MLP, default parameters, sentiment classification
[[1442  521 1223  655]
 [ 513 4227 1942  942]
 [1073 1853 5768 2344]
 [ 457  948 2396 8060]]
              precision    recall  f1-score   support

   ambiguous       0.41      0.38      0.39      3841
    negative       0.56      0.55      0.56      7624
     neutral       0.51      0.52      0.52     11038
    positive       0.67      0.68      0.68     11861

    accuracy                           0.57     34364
   macro avg       0.54      0.53      0.54     34364
weighted avg       0.57      0.57      0.57     34364


Base-MLP, default parameters, emotion classification
[[1177   56   20   33  159   19   10   19   15   13   18    9    4   55
     4   72    0   45   80    0  294   22   14    4    3    1    5   19]
 [  52  682   25   50   37    6   15    4    6    8   17    4    3   23
     4    6    2   44    9    2  166   15    0    8    0    2    1   10]
 [  19   26  376  158   42   14   13   22    3   25   45   41    3    7
     7    3    0    2    5    0  201    5    0    8    1    0    7    4]
 [  52   69  233  344  104   34   35   39   14   71  117   50   19    8
     7   13    1    6   11    5  391   12    1   22    0    7   14    5]
 [ 197   49   48  143  621   70   35   37   27   41   79   13    9   26
    15   21    0   48   34    7  654   28    5   33    2    4   21   10]
 [  39    7   17   40   58  211    8   11   11   14   16    1    1    5
     3   16    2   11   12    3  148   23    4    3    2    7   14    2]
 [  23   26   30   63   40    9  256  122    7   12   30   10    8    7
     7    6    1    2    4    6  257   11    0    5    0    3    7   10]
 [  28   25   26   62   49   20  186  415   11   12   16    6    3   25
     8    4    2    3    7    1  281    7    1    4    1    1    2   20]
 [   9   12    8   20   38   18    4    5  120    9    5    1    2    7
     1    5    1    7   12    2  100   17    0    4    0    0    2    0]
 [  26   28   51  115   62   25   21   13   10  157   80   29    9    7
     7    7    5    7    4   10  233    7    2   11    3   11   51    9]
 [  44   43   94  198  116   23   54   23   12   79  346   28    8    5
    10    9    3    5   11    4  340   13    1   16    1    1   19   13]
 [  19   21   62   92   26    4   11    6    6   27   37  120    9    2
     6    0    2    1    3    0  119    4    0    3    0    2   13    4]
 [   5   12   15   32   17    3    8    5    2   13   13   14   60    2
     5    3    0    0    3    1   57    2    0    1    0    6    6    5]
 [  89   27    4   18   43   10    9   16   14    9    4    2    0  128
     1    7    0   34   18    0  116    6    2    1    0    1    1   22]
 [   7   13   10   25   17    8    3    7    1   10   11   11    3    1
   123    0    3    4    0    3   55    0    0    4    1    0    5    3]
 [ 100   20    5   15   36   24    1    8    5    4    8    1    1   17
     0 1015    0   27    6    0   62   12    1    1    1   14    3    0]
 [   4    1    3    4    4    3    0    0    0    7    1    2    1    0
     1    1    6    1    0    1    9    0    1    1    0    3    5    1]
 [ 102  135    7   26   57   15    6   10    7    8    4    1    3   53
     4   26    0  219   45    1  135   13    0    8    1    0    0    4]
 [ 123   20    7   19   55   14    7    4   19   11   13    2    1   16
     0   11    0   38  520    0   87    5    0    5    1    2    4    0]
 [   4    0    6   14   13    8    7    3    0   11    4    1    7    2
     6    1    0    0    2   18   30    3    0    2    0    3    2    1]
 [ 526  364  441  741 1081  249  435  409  123  271  542  113   60  151
    70   76   21  145  120   27 4616  105   14  126   14   30   85   77]
 [  72   17   14   39   96   49   11   13   47   12   22    5    3   13
     4   23    1   21    6    3  217  180    3    5    0    1    6    7]
 [  28    5    3    9    9    5    5    0    1    6    4    0    0    4
     0    5    0    5    1    0   43    3    9    0    1    0    0    0]
 [  35   31   35   61  124   19   50   12    6   41   44    7    3   14
     3    4    4   14   10    1  337    8    1   63    0   12    5   12]
 [  15    0    4    5   21    9    2    1    1    6    1    0    1    3
     0   14    0   14    1    0   26    4    1    3   13    0    3    1]
 [   4    5    8   16   18   15    5    6    2   20   12    2    9    0
     2   17    4    0    1    0   42    2    0    7    0   91   26    1]
 [  15   12   35   69   33   28   15    7    5   90   33    9    8    5
    10    6   10    8    5   15  183    6    2    5    0   41  135    6]
 [  54   16   24   29   37    5   42   35    3   24   12    4    3   30
     5    4    0    6    2    2  149    4    2    8    1    0    3  134]]
                precision    recall  f1-score   support

    admiration       0.50      0.49      0.49      2170
     amusement       0.47      0.51      0.49      1201
         anger       0.30      0.32      0.31      1037
     annoyance       0.18      0.15      0.16      1684
      approval       0.23      0.17      0.20      2277
        caring       0.27      0.23      0.25       689
     confusion       0.22      0.18      0.20       962
     curiosity       0.35      0.30      0.32      1226
        desire       0.34      0.29      0.32       409
disappointment       0.19      0.14      0.16      1000
   disapproval       0.24      0.20      0.22      1519
       disgust       0.31      0.20      0.25       599
 embarrassment       0.36      0.21      0.26       290
    excitement       0.26      0.19      0.22       582
          fear       0.40      0.34      0.37       328
     gratitude       0.73      0.75      0.74      1387
         grief       0.18      0.12      0.14        60
           joy       0.32      0.30      0.31       890
          love       0.56      0.60      0.58       984
   nervousness       0.19      0.14      0.16       148
       neutral       0.46      0.60      0.52     11032
      optimism       0.38      0.28      0.32       890
         pride       0.24      0.10      0.14       146
   realization       0.15      0.10      0.12       956
        relief       0.18      0.09      0.12       149
       remorse       0.35      0.40      0.37       315
       sadness       0.31      0.25      0.28       796
      surprise       0.32      0.29      0.31       638

      accuracy                           0.40     34364
     macro avg       0.32      0.28      0.30     34364
  weighted avg       0.38      0.40      0.38     34364


Top-MLP, param_grid = {'alpha': [0,0.5,1.0,1.5]}, sentiment classification
[[ 645  505 1702  989]
 [ 187 3512 2537 1388]
 [ 426 1578 5904 3130]
 [ 177  767 2646 8271]]
              precision    recall  f1-score   support

   ambiguous       0.45      0.17      0.24      3841
    negative       0.55      0.46      0.50      7624
     neutral       0.46      0.53      0.50     11038
    positive       0.60      0.70      0.65     11861

    accuracy                           0.53     34364
   macro avg       0.52      0.47      0.47     34364
weighted avg       0.53      0.53      0.52     34364


Top-MLP, param_grid = {'alpha': [0,0.5,1.0,1.5]}, emotion classification
[[ 798   19    7    9   52    9    1    2    5    5    8    5    1   14
     4   65    0   18   53    1 1021   19   14    7    8    1    3   21]
 [  23  343    6   16   11    1    5    3    1    3    2    2    1    9
     1    4    0   23    4    1  721    2    1    6    1    3    2    6]
 [  10    9  156   40   13    5    2    4    1    6   21   21    2    4
     4    3    3    1    2    0  709    2    2    2    4    0    5    6]
 [  15   21   70  105   25   12   11    7    7   23   50   19   14    6
     3   10    3    4    7    3 1228    3    0   11    1    6    6   14]
 [  59   22    5   28  188   29   11   11    9    8   35    8    3    8
     6   15    0   14   26    4 1714   19    5   21    7    2   14    6]
 [   9    2    3    6   12   79    1    4    1    3    3    0    1    2
     1   18    0    8    3    2  485   21    2    1    4    7    8    3]
 [   8    4    6   12   12    2   77   45    2    6    5    3    1    3
     4    5    0    0    4    1  728    6    0    6    0    4    3   15]
 [   9    7    4    7   13    7   36  165    2    0    9    2    2   14
     7    6    0    1    4    2  902    2    1    6    0    1    2   15]
 [   2    2    1    2   11    1    1    1   39    2    1    2    1    4
     1    1    0    1    4    2  311   14    0    0    1    0    3    1]
 [   7    3    9   30   15    7    6    2    4   47   24   11    4    3
     4    5    3    2    3    6  741    3    1   10    1   13   29    7]
 [  16   16   21   47   26    2   12    9    4   15  125   12    6    2
     5    5    2    4    4    2 1155    3    1   10    0    2    7    6]
 [   8    3   27   20    3    2    0    2    0    6    7   88   10    1
     6    0    1    1    2    3  385    3    0    4    1    2   10    4]
 [   1    2    2    5    2    0    2    2    1    3    7    5   39    1
     3    1    0    1    1    1  199    0    0    3    0    5    2    2]
 [  57    6    2    4    5    0    0    6    4    2    0    1    1   66
     0    9    0   41   10    2  341    3    2    1    0    1    1   17]
 [   3    7    4    1    2    1    1    0    0    3    0    4    0    1
    67    0    5    1    0    5  216    0    1    3    0    0    1    2]
 [  47   13    8    3    6    8    1    2    0    3    3    0    0    2
     0  852    1   27    6    0  372   16    3    2    2    6    3    1]
 [   0    1    0    0    1    2    1    0    0    2    0    1    0    0
     1    0    6    0    0    2   35    0    0    0    1    2    5    0]
 [  37   68    1    2   11    6    1    4    3    2    1    2    1   22
     2   23    0  157   29    0  498    4    4    4    3    0    1    4]
 [  59    7    3    5    7    2    1    5    4    2    4    2    0    9
     0    6    2    9  333    0  511    2    0    1    1    3    5    1]
 [   1    0    1    3    3    2    1    0    0    0    0    0    1    0
     2    1    0    0    0   14  110    0    0    1    0    2    5    1]
 [ 225  130  127  144  254   71  118  112   32   62  166   46   31   73
    35   65   14   64   70   20 8816   74   26   92   19   25   50   71]
 [  31    6    3    4   26   17    3    4   10    2    6    2    0    3
     3   10    2   14    7    0  587  135    1    5    1    0    4    4]
 [  13    0    1    2    2    1    1    0    0    1    1    0    0    0
     0    2    0    3    0    0  105    1   11    0    1    0    1    0]
 [  12    9   15    8   22    2   10    8    2    9   15    4    1    7
     1    3    0    6    6    1  733    4    1   44    2   10    5   16]
 [   6    1    1    0    3    5    1    1    1    1    0    0    0    0
     0   13    0    1    1    0  100    2    0    1    9    0    1    1]
 [   0    1    2    3    3    3    3    0    2    2    2    3    3    0
     0    4    1    0    0    0  181    0    0    3    1   75   21    2]
 [   3    3    7    8    7    7    1    0    2   15    8    2    5    1
     3    2    6    6    2    7  556    2    0    1    1   33  104    4]
 [  23    1    8    4    4    1    7   11    1    5    8    1    2   11
     2    4    0    7    3    1  431    0    0    2    1    0    2   98]]
                precision    recall  f1-score   support

    admiration       0.54      0.37      0.44      2170
     amusement       0.49      0.29      0.36      1201
         anger       0.31      0.15      0.20      1037
     annoyance       0.20      0.06      0.10      1684
      approval       0.25      0.08      0.12      2277
        caring       0.28      0.11      0.16       689
     confusion       0.24      0.08      0.12       962
     curiosity       0.40      0.13      0.20      1226
        desire       0.28      0.10      0.14       409
disappointment       0.20      0.05      0.08      1000
   disapproval       0.24      0.08      0.12      1519
       disgust       0.36      0.15      0.21       599
 embarrassment       0.30      0.13      0.19       290
    excitement       0.25      0.11      0.16       582
          fear       0.41      0.20      0.27       328
     gratitude       0.75      0.61      0.68      1387
         grief       0.12      0.10      0.11        60
           joy       0.38      0.18      0.24       890
          love       0.57      0.34      0.42       984
   nervousness       0.17      0.09      0.12       148
       neutral       0.37      0.80      0.50     11032
      optimism       0.40      0.15      0.22       890
         pride       0.14      0.08      0.10       146
   realization       0.18      0.05      0.07       956
        relief       0.13      0.06      0.08       149
       remorse       0.37      0.24      0.29       315
       sadness       0.34      0.13      0.19       796
      surprise       0.30      0.15      0.20       638

      accuracy                           0.38     34364
     macro avg       0.32      0.18      0.22     34364
  weighted avg       0.36      0.38      0.32     34364


Top-DT, {'criterion': ['gini'], 'max_depth': (10, 20), 'min_samples_split': (2, 3, 4)} , sentiment classification
[[  601    23     2     1    20     7     2     2     4     2     2     0
      0     4     0    31     0    24    61     0  1331    19     2     0
      0     0     1    31]
 [   27   566     1     3     4     0     1     0     1     0     6     0
      0     5     0     4     0     5    16     0   545     4     0     0
      0     3     1     9]
 [    5    10     3     4     4     0     0     0     1     1     2     0
      0     0     0     3     0     7     4     0   984     4     0     0
      0     1     2     2]
 [   17    30     0     2    12     0     0     0     5     2     2     0
      1     0     0    13     0     3    14     0  1550     7     0     2
      0     9     3    12]
 [   68    20     0     3    91     3     0     1     8     0     3     0
      1     2     0    12     0    16    26     0  1991    16     0     0
      0     9     4     3]
 [    8     3     0     1     3    17     0     0     2     0     1     0
      1     2     0     5     0    19     8     0   575    31     0     0
      0     7     6     0]
 [   10    16     0     2     2     0     3     6     2     0     1     0
      0     0     0     4     0     4     7     0   887     3     0     0
      0     6     4     5]
 [   15    14     0     0     2     0     4    71     1     0     0     0
      0     1     0     2     0     4     4     0  1096     5     0     0
      0     3     0     4]
 [    6     7     0     0     3     3     0     0    81     1     0     0
      0     0     0     2     0     5     5     0   273    22     0     0
      0     0     1     0]
 [    7    13     0     1     8     1     0     0     6     1     2     0
      0     0     0     3     0     6     1     0   916     6     0     0
      0    11    15     3]
 [   14    33     0     8    22     1     0     0     3     3    11     0
      1     0     0     5     0     3    11     0  1383     9     0     1
      0     6     2     3]
 [    3     1     0     2     2     0     0     0     1     0     0     2
      0     1     0     0     0     0     2     0   577     5     0     0
      0     0     0     3]
 [    2     3     0     2     1     1     0     0     0     0     0     1
      1     0     0     0     0     0     3     0   264     1     0     0
      0    10     0     1]
 [   48     7     0     1     2     1     0     1     4     1     0     0
      0    15     0     1     0    22    16     0   442     3     0     0
      0     0     0    18]
 [    2     9     0     0     0     0     0     2     0     1     0     0
      0     0     0     0     0     0     0     0   309     2     0     0
      0     0     1     2]
 [   44    16     2    10     8     6     1     2     5     1     3     0
      0     7     0   973     0    36     2     0   215    23     0     1
      2    27     2     1]
 [    3     1     0     0     0     0     0     0     0     0     0     0
      0     0     0     1     0     0     0     0    52     0     0     0
      0     3     0     0]
 [   34    72     1     1     3     2     0     0     3     1     0     0
      0    15     0    13     0   166    35     0   527     8     0     0
      0     1     0     8]
 [   20     7     3     9     7     2     1     1     2     1     3     0
      0     3     0     4     0     8   548     0   360     3     0     1
      0     0     1     0]
 [    1     0     0     0     0     0     0     0     0     1     0     0
      0     0     0     1     0     0     1     0   140     2     0     0
      0     1     0     1]
 [  131   172     1     6    38     7     3    18    33     3    13     0
      1     6     2    37     1    40    84     0 10314    54     0     0
      0    29    21    18]
 [   33     8     0     1     8    12     0     2    27     0     2     1
      0     1     1     5     0    10     7     0   566   201     0     0
      0     2     3     0]
 [   10     1     0     0     1     0     0     0     0     0     0     0
      0     0     0     1     0     6     3     0   123     0     0     0
      0     1     0     0]
 [   16    11     0     1     4     0     0     0     1     1     0     0
      0     0     0     3     0     4     9     0   876     2     0     0
      0    12     0    16]
 [    2     0     0     0     3     0     0     0     0     0     0     0
      0     0     0    10     0    13     0     0   117     2     0     0
      1     0     0     1]
 [    2     3     1     0     2     1     0     1     0     0     1     0
      1     0     0     3     1     0     2     0   137     0     0     1
      0   149     9     1]
 [    9     5     1     0     2     2     0     0     0     6     1     0
      1     0     0     4     0     3     4     1   608     4     0     0
      0    47    97     1]
 [   13     6     0     1     0     0     3     0     2     0     1     0
      0     3     0     4     0     2     3     0   536     0     0     0
      0     1     0    63]]
              precision    recall  f1-score   support

   ambiguous       0.35      0.08      0.12      3841
    negative       0.61      0.13      0.22      7624
     neutral       0.38      0.89      0.53     11038
    positive       0.79      0.38      0.51     11861

    accuracy                           0.46     34364
   macro avg       0.53      0.37      0.35     34364
weighted avg       0.57      0.46      0.41     34364


Top-DT, {'criterion': ['gini'], 'max_depth': (10, 20), 'min_samples_split': (2, 3, 4)} , emotion classification
[[  601    23     2     1    20     7     2     2     4     2     2     0
      0     4     0    31     0    24    61     0  1331    19     2     0
      0     0     1    31]
 [   27   566     1     3     4     0     1     0     1     0     6     0
      0     5     0     4     0     5    16     0   545     4     0     0
      0     3     1     9]
 [    5    10     3     4     4     0     0     0     1     1     2     0
      0     0     0     3     0     7     4     0   984     4     0     0
      0     1     2     2]
 [   17    30     0     2    12     0     0     0     5     2     2     0
      1     0     0    13     0     3    14     0  1550     7     0     2
      0     9     3    12]
 [   68    20     0     3    91     3     0     1     8     0     3     0
      1     2     0    12     0    16    26     0  1991    16     0     0
      0     9     4     3]
 [    8     3     0     1     3    17     0     0     2     0     1     0
      1     2     0     5     0    19     8     0   575    31     0     0
      0     7     6     0]
 [   10    16     0     2     2     0     3     6     2     0     1     0
      0     0     0     4     0     4     7     0   887     3     0     0
      0     6     4     5]
 [   15    14     0     0     2     0     4    71     1     0     0     0
      0     1     0     2     0     4     4     0  1096     5     0     0
      0     3     0     4]
 [    6     7     0     0     3     3     0     0    81     1     0     0
      0     0     0     2     0     5     5     0   273    22     0     0
      0     0     1     0]
 [    7    13     0     1     8     1     0     0     6     1     2     0
      0     0     0     3     0     6     1     0   916     6     0     0
      0    11    15     3]
 [   14    33     0     8    22     1     0     0     3     3    11     0
      1     0     0     5     0     3    11     0  1383     9     0     1
      0     6     2     3]
 [    3     1     0     2     2     0     0     0     1     0     0     2
      0     1     0     0     0     0     2     0   577     5     0     0
      0     0     0     3]
 [    2     3     0     2     1     1     0     0     0     0     0     1
      1     0     0     0     0     0     3     0   264     1     0     0
      0    10     0     1]
 [   48     7     0     1     2     1     0     1     4     1     0     0
      0    15     0     1     0    22    16     0   442     3     0     0
      0     0     0    18]
 [    2     9     0     0     0     0     0     2     0     1     0     0
      0     0     0     0     0     0     0     0   309     2     0     0
      0     0     1     2]
 [   44    16     2    10     8     6     1     2     5     1     3     0
      0     7     0   973     0    36     2     0   215    23     0     1
      2    27     2     1]
 [    3     1     0     0     0     0     0     0     0     0     0     0
      0     0     0     1     0     0     0     0    52     0     0     0
      0     3     0     0]
 [   34    72     1     1     3     2     0     0     3     1     0     0
      0    15     0    13     0   166    35     0   527     8     0     0
      0     1     0     8]
 [   20     7     3     9     7     2     1     1     2     1     3     0
      0     3     0     4     0     8   548     0   360     3     0     1
      0     0     1     0]
 [    1     0     0     0     0     0     0     0     0     1     0     0
      0     0     0     1     0     0     1     0   140     2     0     0
      0     1     0     1]
 [  131   172     1     6    38     7     3    18    33     3    13     0
      1     6     2    37     1    40    84     0 10314    54     0     0
      0    29    21    18]
 [   33     8     0     1     8    12     0     2    27     0     2     1
      0     1     1     5     0    10     7     0   566   201     0     0
      0     2     3     0]
 [   10     1     0     0     1     0     0     0     0     0     0     0
      0     0     0     1     0     6     3     0   123     0     0     0
      0     1     0     0]
 [   16    11     0     1     4     0     0     0     1     1     0     0
      0     0     0     3     0     4     9     0   876     2     0     0
      0    12     0    16]
 [    2     0     0     0     3     0     0     0     0     0     0     0
      0     0     0    10     0    13     0     0   117     2     0     0
      1     0     0     1]
 [    2     3     1     0     2     1     0     1     0     0     1     0
      1     0     0     3     1     0     2     0   137     0     0     1
      0   149     9     1]
 [    9     5     1     0     2     2     0     0     0     6     1     0
      1     0     0     4     0     3     4     1   608     4     0     0
      0    47    97     1]
 [   13     6     0     1     0     0     3     0     2     0     1     0
      0     3     0     4     0     2     3     0   536     0     0     0
      0     1     0    63]]
                precision    recall  f1-score   support

    admiration       0.52      0.28      0.36      2170
     amusement       0.54      0.47      0.50      1201
         anger       0.20      0.00      0.01      1037
     annoyance       0.03      0.00      0.00      1684
      approval       0.36      0.04      0.07      2277
        caring       0.26      0.02      0.05       689
     confusion       0.17      0.00      0.01       962
     curiosity       0.66      0.06      0.11      1226
        desire       0.42      0.20      0.27       409
disappointment       0.04      0.00      0.00      1000
   disapproval       0.20      0.01      0.01      1519
       disgust       0.50      0.00      0.01       599
 embarrassment       0.12      0.00      0.01       290
    excitement       0.23      0.03      0.05       582
          fear       0.00      0.00      0.00       328
     gratitude       0.85      0.70      0.77      1387
         grief       0.00      0.00      0.00        60
           joy       0.41      0.19      0.26       890
          love       0.63      0.56      0.59       984
   nervousness       0.00      0.00      0.00       148
       neutral       0.37      0.93      0.53     11032
      optimism       0.46      0.23      0.30       890
         pride       0.00      0.00      0.00       146
   realization       0.00      0.00      0.00       956
        relief       0.33      0.01      0.01       149
       remorse       0.44      0.47      0.46       315
       sadness       0.56      0.12      0.20       796
      surprise       0.31      0.10      0.15       638

      accuracy                           0.41     34364
     macro avg       0.31      0.16      0.17     34364
  weighted avg       0.36      0.41      0.30     34364


