Using fasttext-wiki-news-subwords-300

Base-MLP, default parameters, sentiment classification
[[1215  559 1317  767]
 [ 360 3451 2545 1393]
 [ 780 1680 5938 2641]
 [ 262 1020 2497 7939]]
              precision    recall  f1-score   support

   ambiguous       0.46      0.31      0.38      3858
    negative       0.51      0.45      0.48      7749
     neutral       0.48      0.54      0.51     11039
    positive       0.62      0.68      0.65     11718

    accuracy                           0.54     34364
   macro avg       0.52      0.49      0.50     34364
weighted avg       0.54      0.54      0.53     34364


Base-MLP, default parameters, emotion classification
[[ 919   36    6    1   13    3    0   16    5    0    4    4    0    5
     1   72    0   24   92    0  971   22    0    0    0    0    4   33]
 [  40  666    5    4    2    0    2    4    1    0    1    0    0    1
     2   12    0   19   13    0  442    9    0    0    0    0    4    7]
 [  12   13  164   20    0    4    2   19    3    0    3   13    0    1
     2    3    0    1    8    0  741    1    0    0    0    0    7   11]
 [  28   42   62   14    6    3   14   24    0    1    2   20    0    0
     6   19    0    3   16    0 1346    4    0    0    0    5   17   12]
 [ 158   40   12    3   50   10   10   13    3    1   12    7    0    1
     8   18    0   23   50    0 1849   28    0    2    0    4   14    5]
 [  27    8    3    1    3   59    0    4    5    0    0    1    0    0
     1   29    0    9   11    0  494   28    0    0    0    6   10    0]
 [   7   18    6    1    4    1   49  101    0    0    0    1    0    0
     1    3    0    3   12    0  756    7    0    0    0    2    3   10]
 [   9   11    5    2    1    1   28  307    1    0    0    2    0    1
     2    7    0    1   10    0  779    1    0    0    0    3    1   16]
 [  12    8    2    0    3    2    0    3   59    0    0    0    0    1
     0    7    0    7   15    0  261   31    0    0    0    0    5    1]
 [  18   20    9    9    3    1    9    9    3    2    6   10    0    0
     4    8    0    3    9    0  762    4    0    0    0    7   43    7]
 [  22   41   18   10    6    0   11    9    2    2   30   13    0    0
     2    8    0    5   14    0 1337    6    0    0    0    4   12    6]
 [  10   14   27    3    0    1    1    7    0    0    2   52    0    0
     7    1    0    1    3    0  434    2    0    0    0    1    3    3]
 [   4    6    1    1    0    1    1    1    0    1    1    8    0    0
     1    4    0    0    4    0  233    0    0    1    0    8    2    4]
 [  60   17    0    4    1    2    1   11    3    0    0    1    0   24
     2   16    0   21   18    0  396   12    0    0    0    0    3   25]
 [   5    5    1    0    0    0    1    5    0    0    0    7    0    0
    47    1    0    1    1    0  242    5    0    0    0    2    6    4]
 [  87   11    0    0    2    3    0    4    1    0    1    0    0    3
     0 1049    0   29   16    0  164   13    0    0    0   10    8    1]
 [   1    0    0    0    0    1    0    0    0    0    0    1    0    0
     2    0    0    0    1    0   52    0    0    0    0    5    9    0]
 [  65   85    3    0    5    2    0    2    2    0    0    0    0   11
     3   55    0  147   45    0  380   15    0    0    0    1    9    5]
 [  50   11    1    0    2    2    2    1    0    0    0    0    0    1
     0    8    0    8  574    0  267    2    0    0    0    1    1    3]
 [   0    1    1    0    0    2    0    1    1    0    1    0    0    0
     6    1    0    2    1    0  116    1    0    0    0    0    4    0]
 [ 280  201   95   25   46   38   57  254   15    4   27   28    0    1
    21   74    0   43  118    0 9481   80    0    0    0   20   74   45]
 [  54   14    1    0    2   11    2    5   12    0    1    1    0    2
     2   28    0   13   12    0  538  200    0    0    0    1   10    4]
 [  16    0    0    1    0    0    0    1    0    0    0    0    0    0
     0    6    0    6    2    0   93    1    0    0    0    0    1    1]
 [  14   17    3    2    5    1    4    9    1    2    2    2    0    0
     6    5    0    3    8    0  845    3    0    0    0    8   10   21]
 [  10    0    2    0    1    1    1    1    0    0    0    0    0    1
     0   16    0    9    1    0   86    4    0    0    0    1    4    0]
 [   1    5    2    2    2    0    2    1    0    0    1    0    0    0
     0   11    0    1    2    0  158    4    0    1    0   99   27    0]
 [   5    9    4    2    1    4    2    2    2    2    0    2    0    0
     8    4    0    2   11    0  514    3    0    0    0   46  147    6]
 [  36   12   12    2    0    1    5   18    0    0    2    2    0    1
     1    1    0    2    3    0  469    0    0    0    0    1    7   81]]
                precision    recall  f1-score   support

    admiration       0.47      0.41      0.44      2231
     amusement       0.51      0.54      0.52      1234
         anger       0.37      0.16      0.22      1028
     annoyance       0.13      0.01      0.02      1644
      approval       0.32      0.02      0.04      2321
        caring       0.38      0.08      0.14       699
     confusion       0.24      0.05      0.08       985
     curiosity       0.37      0.26      0.30      1188
        desire       0.50      0.14      0.22       417
disappointment       0.13      0.00      0.00       946
   disapproval       0.31      0.02      0.04      1558
       disgust       0.30      0.09      0.14       572
 embarrassment       0.00      0.00      0.00       282
    excitement       0.44      0.04      0.07       617
          fear       0.35      0.14      0.20       333
     gratitude       0.72      0.75      0.73      1402
         grief       0.00      0.00      0.00        72
           joy       0.38      0.18      0.24       835
          love       0.54      0.61      0.57       934
   nervousness       0.00      0.00      0.00       138
       neutral       0.39      0.86      0.54     11027
      optimism       0.41      0.22      0.29       913
         pride       0.00      0.00      0.00       128
   realization       0.00      0.00      0.00       971
        relief       0.00      0.00      0.00       138
       remorse       0.42      0.31      0.36       319
       sadness       0.33      0.19      0.24       776
      surprise       0.26      0.12      0.17       656

      accuracy                           0.41     34364
     macro avg       0.30      0.19      0.20     34364
  weighted avg       0.36      0.41      0.33     34364


Using glove-wiki-gigaword-300

Base-MLP, default parameters, sentiment classification
[[1005  558 1354  858]
 [ 322 3220 2350 1673]
 [ 737 1764 5209 3497]
 [ 280 1049 2483 8005]]
              precision    recall  f1-score   support

   ambiguous       0.43      0.27      0.33      3775
    negative       0.49      0.43      0.45      7565
     neutral       0.46      0.46      0.46     11207
    positive       0.57      0.68      0.62     11817

    accuracy                           0.51     34364
   macro avg       0.49      0.46      0.47     34364
weighted avg       0.50      0.51      0.50     34364


Base-MLP, default parameters, emotion classification
[[ 789   21    1    3   13    5    3    9    3    1    5    4    0    3
     1  108    0   27   51    0 1085    9    0    0    0    0    1    4]
 [  43  389    9    3    2    0    1   14    1    0    2    2    1    1
     1   23    0   39   11    0  702    4    0    1    0    1    4    5]
 [   6    9  115   17    0    1    0   19    0    0    2   12    0    0
     4    8    0    2    6    0  771    3    0    0    0    2    5    3]
 [  30   31   55   40    7    8    6   20    2    5   11   13    3    1
     9   25    0    7   14    0 1409    4    0    0    0    3   11    2]
 [  83   24    4    6   34    3    2    8    2    2   12    7    0    6
     6   68    0   12   30    0 1908   17    0    0    0    5    4    7]
 [  20    3    0    1    2   28    1    6    0    1    1    1    0    0
     2   52    0    9   17    1  510   12    0    0    0    5    8    0]
 [   8   14    4    2    4    1   38  115    0    1    4    0    0    0
     7    9    0    3    5    0  739    4    0    0    0    3    5    5]
 [  13    9    3    1    0    0   12  278    1    0    1    1    0    4
     1    7    0    5    9    0  790    5    0    0    0    2    2    5]
 [  12    3    2    1    3    1    0    5   54    1    2    0    0    2
     1   10    0   10   16    1  284   21    0    0    0    0    1    0]
 [  15    8   11    8    3    4    3    5    2   16    8    6    0    0
     8   14    0    4   21    0  769    9    0    0    0    3   32    6]
 [  24   17   16    7    5    6    3    6    2    4   28    8    2    0
     3   20    0    4    7    0 1339    4    0    0    0    6    4    4]
 [   8    2   31    5    2    1    2    3    2    4    4   53    3    0
    11    2    0    1    3    0  436    3    0    0    0    3    4    1]
 [   6    3    3    5    2    0    0    1    0    2    3    5   13    0
     3    2    0    0    1    0  236    0    0    0    0    8    3    1]
 [  55    4    2    1    2    1    0    5    1    0    0    1    0   39
     1   32    0   19   11    0  438    7    0    0    0    0    1    5]
 [   4    4    2    1    0    1    5    3    0    2    0    8    0    1
    80    3    0    0    0    2  202    0    0    0    0    0    8    1]
 [  68   13    2    1    2    2    0    8    2    2    3    3    0    2
     2  616    0   17   15    0  562   16    0    0    0   13    9    0]
 [   1    1    1    0    0    0    0    1    1    0    0    0    0    0
     1    2    4    0    1    0   54    0    0    0    0    1    3    0]
 [  69   53    1    0    2    0    0    5    6    0    0    1    0    7
     4   52    0  127   39    0  452    6    0    0    0    0    1    0]
 [  68   10    4    2    2    0    1    4    1    1    2    0    1    2
     1   17    0   11  492    0  403    5    0    0    0    0    0    2]
 [   1    1    2    0    0    0    1    4    1    2    0    0    0    0
     2    1    0    2    0    5  129    0    0    0    0    0    7    1]
 [ 242  126   84   34   27   34   34  275   18   16   42   22    0   12
    41  201    0   43   99    2 9677   55    0    0    0   16   48   20]
 [  54    7    0    2    8   18    0    3   16    1    2    1    0    1
     1   45    0    6    9    0  567  123    0    0    0    0    4    1]
 [  12    4    0    0    1    0    0    2    1    0    0    0    0    0
     0    8    0    4    0    0   95    3    1    0    0    0    1    0]
 [  15   16    4    3    4    1    1    5    2    4    8    2    1    0
     1   13    0    3   11    0  841    1    0    3    0    4    6    6]
 [  10    1    0    0    0    1    0    1    0    2    0    0    0    0
     0   13    0    8    0    0  106    2    0    0    0    0    3    1]
 [   3    3    2    1    3    0    2    6    0    0    2    0    0    0
     0   10    0    0    1    0  177    3    0    0    0   60   23    1]
 [   4   14    4    3    1    3    1    0    3    6    2    5    0    0
     3    6    0    3    7    0  510    6    0    0    0   28  113    1]
 [  27   10    7    5    3    1    5   40    0    1    1    2    0    0
     2   22    0    3    4    0  545    4    0    1    0    1    6   47]]
                precision    recall  f1-score   support

    admiration       0.47      0.37      0.41      2146
     amusement       0.49      0.31      0.38      1259
         anger       0.31      0.12      0.17       985
     annoyance       0.26      0.02      0.04      1716
      approval       0.26      0.02      0.03      2250
        caring       0.23      0.04      0.07       680
     confusion       0.31      0.04      0.07       971
     curiosity       0.33      0.24      0.28      1149
        desire       0.45      0.13      0.20       430
disappointment       0.22      0.02      0.03       955
   disapproval       0.19      0.02      0.03      1519
       disgust       0.34      0.09      0.14       584
 embarrassment       0.54      0.04      0.08       297
    excitement       0.48      0.06      0.11       625
          fear       0.41      0.24      0.31       327
     gratitude       0.44      0.45      0.45      1358
         grief       1.00      0.06      0.11        71
           joy       0.34      0.15      0.21       825
          love       0.56      0.48      0.52      1029
   nervousness       0.45      0.03      0.06       159
       neutral       0.38      0.87      0.52     11168
      optimism       0.38      0.14      0.21       869
         pride       1.00      0.01      0.02       132
   realization       0.60      0.00      0.01       955
        relief       0.00      0.00      0.00       148
       remorse       0.37      0.20      0.26       297
       sadness       0.36      0.16      0.22       723
      surprise       0.36      0.06      0.11       737

      accuracy                           0.39     34364
     macro avg       0.41      0.16      0.18     34364
  weighted avg       0.37      0.39      0.30     34364


