Base-MNB, default parameters, sentiment classification
[[ 943  619 1399  870]
 [ 291 4133 2049 1216]
 [ 652 1958 5405 3050]
 [ 313  957 2165 8344]]
              precision    recall  f1-score   support

   ambiguous       0.43      0.25      0.31      3831
    negative       0.54      0.54      0.54      7689
     neutral       0.49      0.49      0.49     11065
    positive       0.62      0.71      0.66     11779

    accuracy                           0.55     34364
   macro avg       0.52      0.50      0.50     34364
weighted avg       0.54      0.55      0.54     34364


Base-MNB, default parameters, emotion classification
[[ 970   10    1   16   42    2    1    7    0    0    6    1    0    2
     0   38    0   12   47    0  917    6    0    2    0    0    2    9]
 [  52  348    5   11   12    0    0    2    0    1    4    0    0    1
     0    9    0   13    6    0  763    2    0    0    0    0    1    5]
 [  10    7  130   57    7    4    2    2    0    6    9    7    0    0
     1    4    0    1    1    0  766    1    0    2    0    0    2    2]
 [  26   18   51  109   28    4    7    9    0    5   35   10    1    2
     2    7    0    2    3    0 1359    6    0    6    2    0    8    5]
 [ 102   11    4   22  193    4    9   10    1    5   47    1    0    1
     0   11    0    5   12    0 1724   17    0   10    1    0    7    2]
 [  16    2    1    4   17   44    1    6    0    0    5    1    0    0
     0   20    0    5    2    0  547   26    0    2    0    0    2    0]
 [   7    9    2    8   20    0   62   25    1    2   13    1    0    1
     0    4    0    0    3    0  844    1    0    6    0    0    1    4]
 [  23    7    2   11   21    4   21  126    0    0   19    0    0    0
     0    5    0    0    2    0  941    0    0    6    0    0    3    3]
 [  11    6    2    5   12    1    1    2   21    0    1    1    0    0
     0    6    0    0    4    0  344   10    0    0    0    0    0    0]
 [  18    3    4   19   18    4    3    0    0   33   12    5    0    0
     0    4    0    1    4    0  784    1    0    4    0    1   13    2]
 [  20   15   14   38   39    1   13    3    0    7  111    3    0    0
     1    8    0    4    2    0 1292    2    0    7    1    0    1    2]
 [   6    1   19   32   13    0    1    0    1    5   10   48    0    0
     1    2    0    2    3    0  422    1    0    0    0    1    3    1]
 [   4    0    2   11    6    0    1    0    0    4    6    2    6    0
     0    5    0    1    0    0  239    1    0    1    0    2    2    0]
 [  63    8    6   11   10    0    1    9    0    2    1    0    0   23
     1    6    0   35    8    0  383    6    0    4    0    0    2    4]
 [  11    3    1    4    6    1    1    1    1    2    5    2    0    0
    11    1    0    1    0    0  290    1    0    2    0    0    3    5]
 [  85    6    0    2   15    7    0    1    0    0    0    0    0    2
     0  920    0   19    4    0  340    9    0    0    0    2    0    0]
 [   0    2    0    0    1    0    0    0    0    0    0    0    0    0
     0    2    0    0    0    0   66    0    0    0    0    0    4    0]
 [  72   51    2    8   19    2    0    0    0    1    3    0    0    5
     0   24    0   97   31    0  522    5    0    2    0    0    1    5]
 [  74   11    2    0   11    3    0    2    1    1    1    0    0    0
     0    5    0   11  356    0  501    0    0    0    0    0    1    0]
 [   2    2    0    5    9    1    1    0    0    1    1    0    0    0
     0    2    0    0    0    0  151    1    0    1    0    0    2    0]
 [ 292  113  102  136  274   39   48   81    9   41  167   22    4   15
    16   74    0   51   72    0 9386   44    0   42    1    2   26   31]
 [  38    8    2    2   19    6    4    1    3    2    6    0    0    0
     0   24    0   13    4    0  684  109    0    3    0    0    1    0]
 [  23    1    0    0    0    0    0    0    0    0    0    0    0    1
     0    3    0    4    0    0   93    1    0    0    0    0    0    0]
 [  15    7    3   15   34    2    2    5    0    5   15    0    0    1
     1    1    0    3    5    0  791    1    0   29    0    0    0    9]
 [   7    0    1    0    5    2    0    0    0    1    1    0    0    0
     0    9    0    2    1    0  117    1    0    0    0    0    0    0]
 [   1    2    1    3    2    2    0    0    0    0    1    0    0    0
     0   23    0    0    2    0  210    0    0    4    0    9   22    0]
 [   5    1    2   12   11    2    1    1    1   12   12    5    0    0
     1    6    0    2    2    0  598    1    0    2    0    4   76    1]
 [  45    2    6   11   15    2    5   11    0    2    3    0    0    4
     1    4    0    2    1    0  519    1    0    5    0    0    0   51]]
                precision    recall  f1-score   support

    admiration       0.49      0.46      0.47      2091
     amusement       0.53      0.28      0.37      1235
         anger       0.36      0.13      0.19      1021
     annoyance       0.20      0.06      0.10      1705
      approval       0.22      0.09      0.13      2199
        caring       0.32      0.06      0.11       701
     confusion       0.34      0.06      0.10      1014
     curiosity       0.41      0.11      0.17      1194
        desire       0.54      0.05      0.09       427
disappointment       0.24      0.04      0.06       933
   disapproval       0.22      0.07      0.11      1584
       disgust       0.44      0.08      0.14       572
 embarrassment       0.55      0.02      0.04       293
    excitement       0.40      0.04      0.07       583
          fear       0.31      0.03      0.06       352
     gratitude       0.75      0.65      0.70      1412
         grief       0.00      0.00      0.00        75
           joy       0.34      0.11      0.17       850
          love       0.62      0.36      0.46       980
   nervousness       0.00      0.00      0.00       179
       neutral       0.37      0.85      0.51     11088
      optimism       0.43      0.12      0.18       929
         pride       0.00      0.00      0.00       126
   realization       0.21      0.03      0.05       944
        relief       0.00      0.00      0.00       147
       remorse       0.43      0.03      0.06       282
       sadness       0.42      0.10      0.16       758
      surprise       0.36      0.07      0.12       690

      accuracy                           0.39     34364
     macro avg       0.34      0.14      0.16     34364
  weighted avg       0.37      0.39      0.31     34364


Base-DT, default parameters, sentiment classification
[[1879  625  883  444]
 [ 843 4642 1530  674]
 [1605 2502 5182 1776]
 [ 873 1312 2575 7019]]
Base-DT, default parameters, sentiment classification
[[1879  625  883  444]
 [ 843 4642 1530  674]
 [1605 2502 5182 1776]
 [ 873 1312 2575 7019]]
              precision    recall  f1-score   support

   ambiguous       0.36      0.49      0.42      3831
    negative       0.51      0.60      0.55      7689
     neutral       0.51      0.47      0.49     11065
    positive       0.71      0.60      0.65     11779

    accuracy                           0.54     34364
   macro avg       0.52      0.54      0.53     34364
weighted avg       0.56      0.54      0.55     34364


Base-MNB, default parameters, emotion classification
[[1163   46   20   36  152   22   16   22   12   13   22    4    3   46
     5   56    2   42   89    1  252   24    9    9    6    2    2   15]
 [  75  709   21   36   37   10    4   12    2   11   22    6    5   10
     1    8    0   63   10    0  167    1    1    6    2    4    4    8]
 [  21   30  363  167   32    7   26   17    5   28   42   34    6    6
     3    4    0    1    1    0  199    1    1    9    0    3    9    6]
 [  57   68  217  364  105   28   38   40   11   67  106   55   15   14
     9    9    1   10   10    5  408   11    0   14    2    7   25    9]
 [ 196   39   54  161  550   48   40   45   29   43   85   18   10   35
     8   24    0   32   36    6  635   38    0   37    9    6    9    6]
 [  35    6   27   41   83  195    5   17    5    9   19    0    3    4
     5   16    0   17   13    5  146   23    1    5    4    6   10    1]
 [  20   32   31   63   62   11  276  135    5   16   40    5    6    5
     5    2    1    1    3    0  262    9    0    6    2    3    4    9]
 [  40    9   20   82   48   13  182  436   10   22   16    0    5   17
     7    6    0    1    7    3  234    5    1    7    1    2    3   17]
 [  18    9    6   25   38   20   11   13  124    6    6    1    2    8
     1    4    0    6   10    2   92   20    0    2    1    0    2    0]
 [  24   29   56  113   67   22   26   10   14  155   67   23   12    7
     7    4    4    4    6    8  191    6    1   11    0    9   45   12]
 [  36   29   87  170  137   28   61   25    9   75  383   22    8   10
     8   14    1    6    4    4  391   14    0   21    1    8   19   13]
 [  13   19   80   83   35    6    9   11    2   23   33  116    9    2
     8    2    1    1    5    2   95    3    0    3    0    1   10    0]
 [   6    8   14   40   20    8    7    1    0   22   18   13   43    2
     1    1    1    1    1    0   67    1    0    2    0   11    3    2]
 [  74   20   15   23   34    5    8   31   10   11    9    2    1  139
     1    9    0   30   12    1  110   11    1    3    0    1    2   20]
 [  10    9   13   26   13   10    6    9    5   14   15   18    4    2
   110    0    1    2    2    7   57    1    0    7    0    1    7    3]
 [ 131   11    6   15   31   18    4    4    2   13    7    2    1   19
     0 1029    1   20    7    0   45   11    5    4    4   15    1    6]
 [   1    3    5    2    5    1    2    0    1    4    1    0    0    0
     0    1   11    1    1    0   20    2    0    1    0    4    9    0]
 [ 107  113   13   21   62   22    0    6   11    5   14    1    1   44
     2   28    0  197   47    2  123    9    6    5    6    0    0    5]
 [ 147   19    6   20   45   10    9    4   14    6    9    1    0   18
     3   10    1   51  504    0   88    6    0    4    1    1    1    2]
 [   7    5    4   13   18   15    6    3    2   16    3    7    8    0
     8    2    0    1    1   18   36    0    0    1    0    2    3    0]
 [ 552  323  433  736 1070  281  423  397  113  296  495  122   69  149
    75   80   15  136  119   31 4738  105    8  133   21   16   77   75]
 [  86   19   14   46   98   38   17   13   51   18   25    2    5   12
     3   23    1   16    7    0  224  190    2    6    0    4    5    4]
 [  26    4    2   10   10    2    1    1    0    3    1    2    0    3
     0    4    1    8    1    0   35    4    5    2    1    0    0    0]
 [  36   29   29   72  130   16   35   24    9   28   44    6    5    9
     8    2    3   16   10    4  301    8    1   76    0    6    6   31]
 [  12    3    4    7   28    7    1    2    0    4    4    1    0    2
     3    7    0   13    1    1   29    2    1    1   14    0    0    0]
 [   2    3    8   13   14    9    5    3    4   16   10    2   11    0
     0   18    4    2    1    2   44    0    0    7    1   85   18    0]
 [  16    7   33   56   50   18   10    6   13   89   40   14   10    3
    11    8   10    4    3    8  146    3    0   11    0   42  145    2]
 [  52   24   23   41   44    5   35   37    2   25   15    3   10   29
     5    5    1    6    1    3  161    3    0   11    1    1    4  143]]
                precision    recall  f1-score   support

    admiration       0.39      0.56      0.46      2091
     amusement       0.44      0.57      0.50      1235
         anger       0.23      0.36      0.28      1021
     annoyance       0.15      0.21      0.17      1705
      approval       0.18      0.25      0.21      2199
        caring       0.22      0.28      0.25       701
     confusion       0.22      0.27      0.24      1014
     curiosity       0.33      0.37      0.35      1194
        desire       0.27      0.29      0.28       427
disappointment       0.15      0.17      0.16       933
   disapproval       0.25      0.24      0.24      1584
       disgust       0.24      0.20      0.22       572
 embarrassment       0.17      0.15      0.16       293
    excitement       0.23      0.24      0.24       583
          fear       0.37      0.31      0.34       352
     gratitude       0.75      0.73      0.74      1412
         grief       0.18      0.15      0.16        75
           joy       0.29      0.23      0.26       850
          love       0.55      0.51      0.53       980
   nervousness       0.16      0.10      0.12       179
       neutral       0.51      0.43      0.46     11088
      optimism       0.37      0.20      0.26       929
         pride       0.12      0.04      0.06       126
   realization       0.19      0.08      0.11       944
        relief       0.18      0.10      0.12       147
       remorse       0.35      0.30      0.33       282
       sadness       0.34      0.19      0.25       758
      surprise       0.37      0.21      0.27       690

      accuracy                           0.36     34364
     macro avg       0.29      0.28      0.28     34364
  weighted avg       0.37      0.36      0.36     34364


Base-DT, default parameters, sentiment classification
[[1879  625  883  444]
 [ 843 4642 1530  674]
 [1605 2502 5182 1776]
 [ 873 1312 2575 7019]]
              precision    recall  f1-score   support

   ambiguous       0.44      0.37      0.40      3831
    negative       0.55      0.59      0.57      7689
     neutral       0.52      0.49      0.50     11065
    positive       0.66      0.69      0.67     11779

    accuracy                           0.57     34364
   macro avg       0.54      0.53      0.54     34364
weighted avg       0.56      0.57      0.56     34364


Base-DT, default parameters, emotion classification
[[1163   46   20   36  152   22   16   22   12   13   22    4    3   46
     5   56    2   42   89    1  252   24    9    9    6    2    2   15]
 [  75  709   21   36   37   10    4   12    2   11   22    6    5   10
     1    8    0   63   10    0  167    1    1    6    2    4    4    8]
 [  21   30  363  167   32    7   26   17    5   28   42   34    6    6
     3    4    0    1    1    0  199    1    1    9    0    3    9    6]
 [  57   68  217  364  105   28   38   40   11   67  106   55   15   14
     9    9    1   10   10    5  408   11    0   14    2    7   25    9]
 [ 196   39   54  161  550   48   40   45   29   43   85   18   10   35
     8   24    0   32   36    6  635   38    0   37    9    6    9    6]
 [  35    6   27   41   83  195    5   17    5    9   19    0    3    4
     5   16    0   17   13    5  146   23    1    5    4    6   10    1]
 [  20   32   31   63   62   11  276  135    5   16   40    5    6    5
     5    2    1    1    3    0  262    9    0    6    2    3    4    9]
 [  40    9   20   82   48   13  182  436   10   22   16    0    5   17
     7    6    0    1    7    3  234    5    1    7    1    2    3   17]
 [  18    9    6   25   38   20   11   13  124    6    6    1    2    8
     1    4    0    6   10    2   92   20    0    2    1    0    2    0]
 [  24   29   56  113   67   22   26   10   14  155   67   23   12    7
     7    4    4    4    6    8  191    6    1   11    0    9   45   12]
 [  36   29   87  170  137   28   61   25    9   75  383   22    8   10
     8   14    1    6    4    4  391   14    0   21    1    8   19   13]
 [  13   19   80   83   35    6    9   11    2   23   33  116    9    2
     8    2    1    1    5    2   95    3    0    3    0    1   10    0]
 [   6    8   14   40   20    8    7    1    0   22   18   13   43    2
     1    1    1    1    1    0   67    1    0    2    0   11    3    2]
 [  74   20   15   23   34    5    8   31   10   11    9    2    1  139
     1    9    0   30   12    1  110   11    1    3    0    1    2   20]
 [  10    9   13   26   13   10    6    9    5   14   15   18    4    2
   110    0    1    2    2    7   57    1    0    7    0    1    7    3]
 [ 131   11    6   15   31   18    4    4    2   13    7    2    1   19
     0 1029    1   20    7    0   45   11    5    4    4   15    1    6]
 [   1    3    5    2    5    1    2    0    1    4    1    0    0    0
     0    1   11    1    1    0   20    2    0    1    0    4    9    0]
 [ 107  113   13   21   62   22    0    6   11    5   14    1    1   44
     2   28    0  197   47    2  123    9    6    5    6    0    0    5]
 [ 147   19    6   20   45   10    9    4   14    6    9    1    0   18
     3   10    1   51  504    0   88    6    0    4    1    1    1    2]
 [   7    5    4   13   18   15    6    3    2   16    3    7    8    0
     8    2    0    1    1   18   36    0    0    1    0    2    3    0]
 [ 552  323  433  736 1070  281  423  397  113  296  495  122   69  149
    75   80   15  136  119   31 4738  105    8  133   21   16   77   75]
 [  86   19   14   46   98   38   17   13   51   18   25    2    5   12
     3   23    1   16    7    0  224  190    2    6    0    4    5    4]
 [  26    4    2   10   10    2    1    1    0    3    1    2    0    3
     0    4    1    8    1    0   35    4    5    2    1    0    0    0]
 [  36   29   29   72  130   16   35   24    9   28   44    6    5    9
     8    2    3   16   10    4  301    8    1   76    0    6    6   31]
 [  12    3    4    7   28    7    1    2    0    4    4    1    0    2
     3    7    0   13    1    1   29    2    1    1   14    0    0    0]
 [   2    3    8   13   14    9    5    3    4   16   10    2   11    0
     0   18    4    2    1    2   44    0    0    7    1   85   18    0]
 [  16    7   33   56   50   18   10    6   13   89   40   14   10    3
    11    8   10    4    3    8  146    3    0   11    0   42  145    2]
 [  52   24   23   41   44    5   35   37    2   25   15    3   10   29
     5    5    1    6    1    3  161    3    0   11    1    1    4  143]]
                precision    recall  f1-score   support

    admiration       0.39      0.56      0.46      2091
     amusement       0.44      0.57      0.50      1235
         anger       0.23      0.36      0.28      1021
     annoyance       0.15      0.21      0.17      1705
      approval       0.18      0.25      0.21      2199
        caring       0.22      0.28      0.25       701
     confusion       0.22      0.27      0.24      1014
     curiosity       0.33      0.37      0.35      1194
        desire       0.27      0.29      0.28       427
disappointment       0.15      0.17      0.16       933
   disapproval       0.25      0.24      0.24      1584
       disgust       0.24      0.20      0.22       572
 embarrassment       0.17      0.15      0.16       293
    excitement       0.23      0.24      0.24       583
          fear       0.37      0.31      0.34       352
     gratitude       0.75      0.73      0.74      1412
         grief       0.18      0.15      0.16        75
           joy       0.29      0.23      0.26       850
          love       0.55      0.51      0.53       980
   nervousness       0.16      0.10      0.12       179
       neutral       0.51      0.43      0.46     11088
      optimism       0.37      0.20      0.26       929
         pride       0.12      0.04      0.06       126
   realization       0.19      0.08      0.11       944
        relief       0.18      0.10      0.12       147
       remorse       0.35      0.30      0.33       282
       sadness       0.34      0.19      0.25       758
      surprise       0.37      0.21      0.27       690

      accuracy                           0.36     34364
     macro avg       0.29      0.28      0.28     34364
  weighted avg       0.37      0.36      0.36     34364


Base-MLP, default parameters, sentiment classification
[[1413  635 1127  656]
 [ 410 4503 1792  984]
 [ 947 2072 5421 2625]
 [ 424 1039 2172 8144]]
Base-MLP, default parameters, sentiment classification
[[1413  635 1127  656]
 [ 410 4503 1792  984]
 [ 947 2072 5421 2625]
 [ 424 1039 2172 8144]]
Base-MLP, default parameters, sentiment classification
[[1413  635 1127  656]
 [ 410 4503 1792  984]
 [ 947 2072 5421 2625]
 [ 424 1039 2172 8144]]
Base-MLP, default parameters, sentiment classification
[[1413  635 1127  656]
 [ 410 4503 1792  984]
 [ 947 2072 5421 2625]
 [ 424 1039 2172 8144]]
              precision    recall  f1-score   support

   ambiguous       0.44      0.37      0.40      3831
    negative       0.55      0.59      0.57      7689
     neutral       0.52      0.49      0.50     11065
    positive       0.66      0.69      0.67     11779

    accuracy                           0.57     34364
   macro avg       0.54      0.53      0.54     34364
weighted avg       0.56      0.57      0.56     34364


Base-MLP, default parameters, emotion classification
[[1163   46   20   36  152   22   16   22   12   13   22    4    3   46
     5   56    2   42   89    1  252   24    9    9    6    2    2   15]
 [  75  709   21   36   37   10    4   12    2   11   22    6    5   10
     1    8    0   63   10    0  167    1    1    6    2    4    4    8]
 [  21   30  363  167   32    7   26   17    5   28   42   34    6    6
     3    4    0    1    1    0  199    1    1    9    0    3    9    6]
 [  57   68  217  364  105   28   38   40   11   67  106   55   15   14
     9    9    1   10   10    5  408   11    0   14    2    7   25    9]
 [ 196   39   54  161  550   48   40   45   29   43   85   18   10   35
     8   24    0   32   36    6  635   38    0   37    9    6    9    6]
 [  35    6   27   41   83  195    5   17    5    9   19    0    3    4
     5   16    0   17   13    5  146   23    1    5    4    6   10    1]
 [  20   32   31   63   62   11  276  135    5   16   40    5    6    5
     5    2    1    1    3    0  262    9    0    6    2    3    4    9]
 [  40    9   20   82   48   13  182  436   10   22   16    0    5   17
     7    6    0    1    7    3  234    5    1    7    1    2    3   17]
 [  18    9    6   25   38   20   11   13  124    6    6    1    2    8
     1    4    0    6   10    2   92   20    0    2    1    0    2    0]
 [  24   29   56  113   67   22   26   10   14  155   67   23   12    7
     7    4    4    4    6    8  191    6    1   11    0    9   45   12]
 [  36   29   87  170  137   28   61   25    9   75  383   22    8   10
     8   14    1    6    4    4  391   14    0   21    1    8   19   13]
 [  13   19   80   83   35    6    9   11    2   23   33  116    9    2
     8    2    1    1    5    2   95    3    0    3    0    1   10    0]
 [   6    8   14   40   20    8    7    1    0   22   18   13   43    2
     1    1    1    1    1    0   67    1    0    2    0   11    3    2]
 [  74   20   15   23   34    5    8   31   10   11    9    2    1  139
     1    9    0   30   12    1  110   11    1    3    0    1    2   20]
 [  10    9   13   26   13   10    6    9    5   14   15   18    4    2
   110    0    1    2    2    7   57    1    0    7    0    1    7    3]
 [ 131   11    6   15   31   18    4    4    2   13    7    2    1   19
     0 1029    1   20    7    0   45   11    5    4    4   15    1    6]
 [   1    3    5    2    5    1    2    0    1    4    1    0    0    0
     0    1   11    1    1    0   20    2    0    1    0    4    9    0]
 [ 107  113   13   21   62   22    0    6   11    5   14    1    1   44
     2   28    0  197   47    2  123    9    6    5    6    0    0    5]
 [ 147   19    6   20   45   10    9    4   14    6    9    1    0   18
     3   10    1   51  504    0   88    6    0    4    1    1    1    2]
 [   7    5    4   13   18   15    6    3    2   16    3    7    8    0
     8    2    0    1    1   18   36    0    0    1    0    2    3    0]
 [ 552  323  433  736 1070  281  423  397  113  296  495  122   69  149
    75   80   15  136  119   31 4738  105    8  133   21   16   77   75]
 [  86   19   14   46   98   38   17   13   51   18   25    2    5   12
     3   23    1   16    7    0  224  190    2    6    0    4    5    4]
 [  26    4    2   10   10    2    1    1    0    3    1    2    0    3
     0    4    1    8    1    0   35    4    5    2    1    0    0    0]
 [  36   29   29   72  130   16   35   24    9   28   44    6    5    9
     8    2    3   16   10    4  301    8    1   76    0    6    6   31]
 [  12    3    4    7   28    7    1    2    0    4    4    1    0    2
     3    7    0   13    1    1   29    2    1    1   14    0    0    0]
 [   2    3    8   13   14    9    5    3    4   16   10    2   11    0
     0   18    4    2    1    2   44    0    0    7    1   85   18    0]
 [  16    7   33   56   50   18   10    6   13   89   40   14   10    3
    11    8   10    4    3    8  146    3    0   11    0   42  145    2]
 [  52   24   23   41   44    5   35   37    2   25   15    3   10   29
     5    5    1    6    1    3  161    3    0   11    1    1    4  143]]
                precision    recall  f1-score   support

    admiration       0.50      0.51      0.50      2091
     amusement       0.50      0.54      0.52      1235
         anger       0.30      0.30      0.30      1021
     annoyance       0.19      0.12      0.15      1705
      approval       0.24      0.14      0.18      2199
        caring       0.27      0.21      0.24       701
     confusion       0.27      0.21      0.23      1014
     curiosity       0.36      0.35      0.35      1194
        desire       0.35      0.28      0.31       427
disappointment       0.17      0.14      0.15       933
   disapproval       0.25      0.21      0.23      1584
       disgust       0.26      0.25      0.25       572
 embarrassment       0.22      0.17      0.19       293
    excitement       0.26      0.22      0.24       583
          fear       0.37      0.38      0.37       352
     gratitude       0.77      0.74      0.76      1412
         grief       0.17      0.12      0.14        75
           joy       0.27      0.26      0.27       850
          love       0.55      0.61      0.58       980
   nervousness       0.18      0.16      0.17       179
       neutral       0.47      0.60      0.53     11088
      optimism       0.37      0.29      0.33       929
         pride       0.16      0.10      0.13       126
   realization       0.19      0.11      0.14       944
        relief       0.13      0.14      0.13       147
       remorse       0.35      0.46      0.40       282
       sadness       0.31      0.30      0.31       758
      surprise       0.31      0.31      0.31       690

      accuracy                           0.41     34364
     macro avg       0.31      0.29      0.30     34364
  weighted avg       0.38      0.41      0.39     34364


Base-MLP, default parameters, sentiment classification
[[1413  635 1127  656]
 [ 410 4503 1792  984]
 [ 947 2072 5421 2625]
 [ 424 1039 2172 8144]]
              precision    recall  f1-score   support

   ambiguous       0.44      0.37      0.40      3831
    negative       0.55      0.59      0.57      7689
     neutral       0.52      0.49      0.50     11065
    positive       0.66      0.69      0.67     11779

    accuracy                           0.57     34364
   macro avg       0.54      0.53      0.54     34364
weighted avg       0.56      0.57      0.56     34364


Base-MLP, default parameters, emotion classification
[[1163   46   20   36  152   22   16   22   12   13   22    4    3   46
     5   56    2   42   89    1  252   24    9    9    6    2    2   15]
 [  75  709   21   36   37   10    4   12    2   11   22    6    5   10
     1    8    0   63   10    0  167    1    1    6    2    4    4    8]
 [  21   30  363  167   32    7   26   17    5   28   42   34    6    6
     3    4    0    1    1    0  199    1    1    9    0    3    9    6]
 [  57   68  217  364  105   28   38   40   11   67  106   55   15   14
     9    9    1   10   10    5  408   11    0   14    2    7   25    9]
 [ 196   39   54  161  550   48   40   45   29   43   85   18   10   35
     8   24    0   32   36    6  635   38    0   37    9    6    9    6]
 [  35    6   27   41   83  195    5   17    5    9   19    0    3    4
     5   16    0   17   13    5  146   23    1    5    4    6   10    1]
 [  20   32   31   63   62   11  276  135    5   16   40    5    6    5
     5    2    1    1    3    0  262    9    0    6    2    3    4    9]
 [  40    9   20   82   48   13  182  436   10   22   16    0    5   17
     7    6    0    1    7    3  234    5    1    7    1    2    3   17]
 [  18    9    6   25   38   20   11   13  124    6    6    1    2    8
     1    4    0    6   10    2   92   20    0    2    1    0    2    0]
 [  24   29   56  113   67   22   26   10   14  155   67   23   12    7
     7    4    4    4    6    8  191    6    1   11    0    9   45   12]
 [  36   29   87  170  137   28   61   25    9   75  383   22    8   10
     8   14    1    6    4    4  391   14    0   21    1    8   19   13]
 [  13   19   80   83   35    6    9   11    2   23   33  116    9    2
     8    2    1    1    5    2   95    3    0    3    0    1   10    0]
 [   6    8   14   40   20    8    7    1    0   22   18   13   43    2
     1    1    1    1    1    0   67    1    0    2    0   11    3    2]
 [  74   20   15   23   34    5    8   31   10   11    9    2    1  139
     1    9    0   30   12    1  110   11    1    3    0    1    2   20]
 [  10    9   13   26   13   10    6    9    5   14   15   18    4    2
   110    0    1    2    2    7   57    1    0    7    0    1    7    3]
 [ 131   11    6   15   31   18    4    4    2   13    7    2    1   19
     0 1029    1   20    7    0   45   11    5    4    4   15    1    6]
 [   1    3    5    2    5    1    2    0    1    4    1    0    0    0
     0    1   11    1    1    0   20    2    0    1    0    4    9    0]
 [ 107  113   13   21   62   22    0    6   11    5   14    1    1   44
     2   28    0  197   47    2  123    9    6    5    6    0    0    5]
 [ 147   19    6   20   45   10    9    4   14    6    9    1    0   18
     3   10    1   51  504    0   88    6    0    4    1    1    1    2]
 [   7    5    4   13   18   15    6    3    2   16    3    7    8    0
     8    2    0    1    1   18   36    0    0    1    0    2    3    0]
 [ 552  323  433  736 1070  281  423  397  113  296  495  122   69  149
    75   80   15  136  119   31 4738  105    8  133   21   16   77   75]
 [  86   19   14   46   98   38   17   13   51   18   25    2    5   12
     3   23    1   16    7    0  224  190    2    6    0    4    5    4]
 [  26    4    2   10   10    2    1    1    0    3    1    2    0    3
     0    4    1    8    1    0   35    4    5    2    1    0    0    0]
 [  36   29   29   72  130   16   35   24    9   28   44    6    5    9
     8    2    3   16   10    4  301    8    1   76    0    6    6   31]
 [  12    3    4    7   28    7    1    2    0    4    4    1    0    2
     3    7    0   13    1    1   29    2    1    1   14    0    0    0]
 [   2    3    8   13   14    9    5    3    4   16   10    2   11    0
     0   18    4    2    1    2   44    0    0    7    1   85   18    0]
 [  16    7   33   56   50   18   10    6   13   89   40   14   10    3
    11    8   10    4    3    8  146    3    0   11    0   42  145    2]
 [  52   24   23   41   44    5   35   37    2   25   15    3   10   29
     5    5    1    6    1    3  161    3    0   11    1    1    4  143]]
                precision    recall  f1-score   support

    admiration       0.50      0.51      0.50      2091
     amusement       0.50      0.54      0.52      1235
         anger       0.30      0.30      0.30      1021
     annoyance       0.19      0.12      0.15      1705
      approval       0.24      0.14      0.18      2199
        caring       0.27      0.21      0.24       701
     confusion       0.27      0.21      0.23      1014
     curiosity       0.36      0.35      0.35      1194
        desire       0.35      0.28      0.31       427
disappointment       0.17      0.14      0.15       933
   disapproval       0.25      0.21      0.23      1584
       disgust       0.26      0.25      0.25       572
 embarrassment       0.22      0.17      0.19       293
    excitement       0.26      0.22      0.24       583
          fear       0.37      0.38      0.37       352
     gratitude       0.77      0.74      0.76      1412
         grief       0.17      0.12      0.14        75
           joy       0.27      0.26      0.27       850
          love       0.55      0.61      0.58       980
   nervousness       0.18      0.16      0.17       179
       neutral       0.47      0.60      0.53     11088
      optimism       0.37      0.29      0.33       929
         pride       0.16      0.10      0.13       126
   realization       0.19      0.11      0.14       944
        relief       0.13      0.14      0.13       147
       remorse       0.35      0.46      0.40       282
       sadness       0.31      0.30      0.31       758
      surprise       0.31      0.31      0.31       690

      accuracy                           0.41     34364
     macro avg       0.31      0.29      0.30     34364
  weighted avg       0.38      0.41      0.39     34364


Base-MLP, default parameters, sentiment classification
[[ 943  619 1399  870]
 [ 291 4133 2049 1216]
 [ 652 1958 5405 3050]
 [ 313  957 2165 8344]]
              precision    recall  f1-score   support

   ambiguous       0.43      0.25      0.31      3831
    negative       0.54      0.54      0.54      7689
     neutral       0.49      0.49      0.49     11065
    positive       0.62      0.71      0.66     11779

    accuracy                           0.55     34364
   macro avg       0.52      0.50      0.50     34364
weighted avg       0.54      0.55      0.54     34364


Top-MLP, param_grid = {'alpha': [0,0.5,1.0,1.5]}, sentiment classification
[[ 943  619 1399  870]
 [ 291 4133 2049 1216]
 [ 652 1958 5405 3050]
 [ 313  957 2165 8344]]
              precision    recall  f1-score   support

   ambiguous       0.43      0.25      0.31      3831
    negative       0.54      0.54      0.54      7689
     neutral       0.49      0.49      0.49     11065
    positive       0.62      0.71      0.66     11779

    accuracy                           0.55     34364
   macro avg       0.52      0.50      0.50     34364
weighted avg       0.54      0.55      0.54     34364


Top-MLP, param_grid = {'alpha': [0,0.5,1.0,1.5]}, sentiment classification
[[ 943  619 1399  870]
 [ 291 4133 2049 1216]
 [ 652 1958 5405 3050]
 [ 313  957 2165 8344]]
              precision    recall  f1-score   support

   ambiguous       0.43      0.25      0.31      3831
    negative       0.54      0.54      0.54      7689
     neutral       0.49      0.49      0.49     11065
    positive       0.62      0.71      0.66     11779

    accuracy                           0.55     34364
   macro avg       0.52      0.50      0.50     34364
weighted avg       0.54      0.55      0.54     34364


Top-MLP, param_grid = {'alpha': [0,0.5,1.0,1.5]}, emotion classification
[[1089   25    5   18   61    8    6   16    1    0   11    4    1    8
     2   63    0   27   70    0  625   21    0    4    0    0    5   21]
 [  55  561    9   15   22    2    1    7    1    3    7    0    1    4
     0   11    0   34   10    0  472    3    0    8    0    0    2    7]
 [  17   11  197  105   16   10    6    6    0    7   19   24    1    3
     1    4    0    1    2    0  574    2    0    2    0    1   10    2]
 [  30   36   96  196   53   16   16   21    2   18   72   27    7    4
     4    9    0    7    8    0 1023    8    0   17    2    1   23    9]
 [ 123   24    7   58  282   21   18   27    6   12   65    3    0    8
     4   23    0   19   23    1 1395   30    0   23    4    3   12    8]
 [  17    2    4   10   33  112    2    5    0    7    6    3    0    0
     1   22    0    7    7    0  404   41    0    6    1    2    9    0]
 [  10   20    8   16   33    1  137   54    1    5   29    1    1    1
     2    7    0    1    6    0  654    3    0    9    0    1    3   11]
 [  33   11    4   24   26    8   42  223    3    3   26    0    0    4
     2   11    0    1    5    0  736    5    0   10    0    2    4   11]
 [  14   12    2    5   18    7    1    4   46    0    4    3    0    0
     0    6    0    2    8    0  268   22    0    2    0    1    1    1]
 [  24   13   11   42   25   12    7    4    2   63   34    9    1    2
     1    6    0    2    6    0  610    3    0   10    0    2   36    8]
 [  22   20   32   66   62   10   27    7    0   21  219   12    2    2
     4   12    0    6    7    0  999    9    0   18    1    1   13   12]
 [  13    3   36   46   20    2    4    1    1   10   24   77    0    1
     6    2    0    4    3    0  298    3    0    4    0    2    8    4]
 [   9    5    3   20    7    2    4    1    0   11    8    8   18    0
     1    6    0    1    1    0  178    1    0    1    0    6    1    1]
 [  75   11    8    9   19    1    3   21    1    6    2    1    1   60
     2    7    0   42   12    0  276    8    0    3    0    0    4   11]
 [  13    5    4   13    7    3    2    4    1    6    6    8    1    0
    39    1    0    2    0    1  218    2    0    5    0    0    7    4]
 [  91   10    0    1   15    9    1    2    0    0    0    0    0    6
     0 1029    0   25    8    0  183   17    0    2    0    5    6    2]
 [   0    2    1    1    1    1    0    0    0    0    1    0    0    0
     0    2    0    0    2    0   51    0    0    1    0    2   10    0]
 [  76   76    4    8   26    6    0    1    1    5    7    0    0   11
     0   30    0  165   47    0  363   10    0    4    0    0    4    6]
 [  91   14    2    2   14    6    0    4    1    1    4    0    0    2
     0    6    0   18  483    0  321    2    0    3    0    0    4    2]
 [   2    3    0    7    7   10    1    0    1    2    3    1    1    1
     2    2    0    1    1    2  126    2    0    1    0    0    3    0]
 [ 374  189  162  251  399  138  133  192   23  101  309   50   17   57
    46  112    0   91  119    1 7938  106    0  109    5    6   90   70]
 [  42    9    3    7   32   20   10    2   13    4   15    1    0    0
     0   33    0   17    6    0  510  190    0    7    0    0    5    3]
 [  23    2    1    3    1    2    0    0    0    2    1    0    0    1
     0    4    0    7    0    0   74    2    1    1    0    0    0    1]
 [  24   17    6   25   42    5   14    8    0   12   32    1    0    3
     2    7    0    7    8    0  634    5    0   60    0    2    6   24]
 [   9    1    3    2    8    3    0    0    0    1    2    0    0    0
     0   10    0    5    1    0   95    4    0    0    1    0    1    1]
 [   3    2    2    3    7    5    4    1    1    4    6    0    1    0
     0   22    0    1    2    0  147    1    0    6    0   34   30    0]
 [   6    5    6   20   15    9    1    3    4   32   25    7    1    0
     2   11    0    3    6    0  435    6    0    4    0   19  136    2]
 [  40    7   13   14   20    3   10   22    1    5    6    0    0    8
     2    8    0    5    4    0  393    2    0    7    0    0    3  117]]
                precision    recall  f1-score   support

    admiration       0.47      0.52      0.49      2091
     amusement       0.51      0.45      0.48      1235
         anger       0.31      0.19      0.24      1021
     annoyance       0.20      0.11      0.15      1705
      approval       0.22      0.13      0.16      2199
        caring       0.26      0.16      0.20       701
     confusion       0.30      0.14      0.19      1014
     curiosity       0.35      0.19      0.24      1194
        desire       0.42      0.11      0.17       427
disappointment       0.18      0.07      0.10       933
   disapproval       0.23      0.14      0.17      1584
       disgust       0.32      0.13      0.19       572
 embarrassment       0.33      0.06      0.10       293
    excitement       0.32      0.10      0.16       583
          fear       0.32      0.11      0.16       352
     gratitude       0.70      0.73      0.72      1412
         grief       0.00      0.00      0.00        75
           joy       0.33      0.19      0.24       850
          love       0.56      0.49      0.53       980
   nervousness       0.40      0.01      0.02       179
       neutral       0.40      0.72      0.51     11088
      optimism       0.37      0.20      0.26       929
         pride       1.00      0.01      0.02       126
   realization       0.18      0.06      0.09       944
        relief       0.07      0.01      0.01       147
       remorse       0.38      0.12      0.18       282
       sadness       0.31      0.18      0.23       758
      surprise       0.35      0.17      0.23       690

      accuracy                           0.39     34364
     macro avg       0.35      0.20      0.22     34364
  weighted avg       0.36      0.39      0.35     34364


Top-MLP, {'criterion': ['gini'], 'max_depth': (10, 20), 'min_samples_split': (2, 3, 4)} , sentiment classification
[[  634    26     0     2     9     1     2     2     4     0     7     0
      1     0     1    13     1    46    75     0  1203    17     2     1
      0     2     3    39]
 [   24   575     2     3     2     0     0     1     0     2     5     0
      0     0     0     7     0    10     9     0   569     2     0     2
      1     5     2    14]
 [    7     8     5     1     2     0     1     0     3     0     0     0
      0     0     0     3     0     2     4     0   974     3     0     0
      0     5     1     2]
 [   14    34     5     7     7     1     0     1     4     0     8     0
      0     0     0     5     0     3     4     0  1583     5     0     1
      0    14     0     9]
 [   69    15     0     3    76     3     0     1     7     0     3     1
      0     0     0     8     0    15    25     0  1941    24     0     0
      1     3     2     2]
 [   12     3     0     0     4     8     0     0     4     0     0     0
      0     0     0     1     0    12    13     0   598    32     0     0
      0    14     0     0]
 [    9    18     0     2     2     0     4     6     0     0     1     0
      0     0     0     0     0     6     4     0   952     1     0     0
      0     6     3     0]
 [   12    10     0     2     3     0     2    71     2     0     1     0
      0     0     0     4     0     3     5     0  1066     1     0     0
      0     7     0     5]
 [   11    11     0     1     1     3     0     1    92     0     1     0
      0     0     0     3     0     3    16     0   270    13     0     0
      0     0     0     1]
 [    7    12     0     0     3     0     0     1     3     2     3     0
      0     0     1     1     0     6     8     0   861     3     0     0
      0    12     7     3]
 [    8    20     1     3    12     0     0     1     1     0    12     0
      0     0     0     6     0     7     9     0  1471     7     0     0
      0    16     3     7]
 [    4     5     1     0     3     0     0     0     0     0     1     1
      1     0     0     0     0     2     3     0   544     2     0     0
      0     4     0     1]
 [    2     3     0     0     0     0     0     0     0     2     2     0
      0     0     0     0     0     0     1     0   274     0     0     0
      0     7     0     2]
 [   24     4     0     0     1     0     0     0     0     0     1     0
      0     0     0     1     0    31     7     0   470     4     0     1
      0     1     0    38]
 [    2     9     0     0     0     0     0     0     0     0     0     0
      0     0     0     0     0     1     0     0   334     2     0     1
      0     3     0     0]
 [   58     6     1     4     5     4     2     0     2     5     2     1
      0     0     0  1015     0    44     7     0   209    20     2     0
      0    21     1     3]
 [    1     1     0     0     0     0     0     0     0     0     0     0
      0     0     0     0     0     0     0     0    63     0     0     0
      0     8     2     0]
 [   44    70     0     0     6     1     0     1     1     0     2     0
      0     1     0     3     0   152    37     0   514    14     0     0
      1     0     0     3]
 [   20    13     1     4     5     0     2     1     0     0     1     0
      0     0     0     2     0     8   553     0   364     4     0     0
      0     2     0     0]
 [    2     2     0     0     0     0     0     0     0     0     1     0
      0     0     0     2     0     0     0     0   167     2     0     0
      0     2     1     0]
 [  162   167     4    10    30     6     6     3    29     6    15     0
      0     2     0    33     0    46   112     0 10319    53     0     1
      1    32    21    30]
 [   27    15     0     1     4     7     3     1    29     1     2     0
      0     0     1     6     0    12    10     0   594   212     0     0
      0     2     1     1]
 [    8     3     0     0     0     0     0     0     0     0     2     0
      0     0     0     1     0     9     0     0   103     0     0     0
      0     0     0     0]
 [   10    14     0     4     4     2     2     1     1     1     1     0
      0     0     2     1     0     2     8     0   851     6     0     2
      0     7     0    25]
 [    5     0     0     0     1     0     0     0     0     0     0     0
      0     0     0     5     0    20     0     0   112     2     0     0
      2     0     0     0]
 [    0     2     0     1     1     0     0     0     2     0     2     0
      0     0     0     1     0     2     1     0   108     0     0     1
      0   153     7     1]
 [    8     5     2     2     1     2     0     0     4     2     2     0
      1     0     0     2     0     3     2     1   559     4     0     2
      0    63    93     0]
 [   15     7     0     2     0     0     0     1     1     0     1     0
      0     0     0     2     0     3     2     0   582     3     0     0
      0     0     0    71]]
              precision    recall  f1-score   support

   ambiguous       0.32      0.06      0.11      3831
    negative       0.60      0.13      0.22      7689
     neutral       0.37      0.89      0.53     11065
    positive       0.79      0.37      0.51     11779

    accuracy                           0.45     34364
   macro avg       0.52      0.37      0.34     34364
weighted avg       0.56      0.45      0.40     34364


Top-MLP, {'criterion': ['gini'], 'max_depth': (10, 20), 'min_samples_split': (2, 3, 4)} , emotion classification
[[  634    26     0     2     9     1     2     2     4     0     7     0
      1     0     1    13     1    46    75     0  1203    17     2     1
      0     2     3    39]
 [   24   575     2     3     2     0     0     1     0     2     5     0
      0     0     0     7     0    10     9     0   569     2     0     2
      1     5     2    14]
 [    7     8     5     1     2     0     1     0     3     0     0     0
      0     0     0     3     0     2     4     0   974     3     0     0
      0     5     1     2]
 [   14    34     5     7     7     1     0     1     4     0     8     0
      0     0     0     5     0     3     4     0  1583     5     0     1
      0    14     0     9]
 [   69    15     0     3    76     3     0     1     7     0     3     1
      0     0     0     8     0    15    25     0  1941    24     0     0
      1     3     2     2]
 [   12     3     0     0     4     8     0     0     4     0     0     0
      0     0     0     1     0    12    13     0   598    32     0     0
      0    14     0     0]
 [    9    18     0     2     2     0     4     6     0     0     1     0
      0     0     0     0     0     6     4     0   952     1     0     0
      0     6     3     0]
 [   12    10     0     2     3     0     2    71     2     0     1     0
      0     0     0     4     0     3     5     0  1066     1     0     0
      0     7     0     5]
 [   11    11     0     1     1     3     0     1    92     0     1     0
      0     0     0     3     0     3    16     0   270    13     0     0
      0     0     0     1]
 [    7    12     0     0     3     0     0     1     3     2     3     0
      0     0     1     1     0     6     8     0   861     3     0     0
      0    12     7     3]
 [    8    20     1     3    12     0     0     1     1     0    12     0
      0     0     0     6     0     7     9     0  1471     7     0     0
      0    16     3     7]
 [    4     5     1     0     3     0     0     0     0     0     1     1
      1     0     0     0     0     2     3     0   544     2     0     0
      0     4     0     1]
 [    2     3     0     0     0     0     0     0     0     2     2     0
      0     0     0     0     0     0     1     0   274     0     0     0
      0     7     0     2]
 [   24     4     0     0     1     0     0     0     0     0     1     0
      0     0     0     1     0    31     7     0   470     4     0     1
      0     1     0    38]
 [    2     9     0     0     0     0     0     0     0     0     0     0
      0     0     0     0     0     1     0     0   334     2     0     1
      0     3     0     0]
 [   58     6     1     4     5     4     2     0     2     5     2     1
      0     0     0  1015     0    44     7     0   209    20     2     0
      0    21     1     3]
 [    1     1     0     0     0     0     0     0     0     0     0     0
      0     0     0     0     0     0     0     0    63     0     0     0
      0     8     2     0]
 [   44    70     0     0     6     1     0     1     1     0     2     0
      0     1     0     3     0   152    37     0   514    14     0     0
      1     0     0     3]
 [   20    13     1     4     5     0     2     1     0     0     1     0
      0     0     0     2     0     8   553     0   364     4     0     0
      0     2     0     0]
 [    2     2     0     0     0     0     0     0     0     0     1     0
      0     0     0     2     0     0     0     0   167     2     0     0
      0     2     1     0]
 [  162   167     4    10    30     6     6     3    29     6    15     0
      0     2     0    33     0    46   112     0 10319    53     0     1
      1    32    21    30]
 [   27    15     0     1     4     7     3     1    29     1     2     0
      0     0     1     6     0    12    10     0   594   212     0     0
      0     2     1     1]
 [    8     3     0     0     0     0     0     0     0     0     2     0
      0     0     0     1     0     9     0     0   103     0     0     0
      0     0     0     0]
 [   10    14     0     4     4     2     2     1     1     1     1     0
      0     0     2     1     0     2     8     0   851     6     0     2
      0     7     0    25]
 [    5     0     0     0     1     0     0     0     0     0     0     0
      0     0     0     5     0    20     0     0   112     2     0     0
      2     0     0     0]
 [    0     2     0     1     1     0     0     0     2     0     2     0
      0     0     0     1     0     2     1     0   108     0     0     1
      0   153     7     1]
 [    8     5     2     2     1     2     0     0     4     2     2     0
      1     0     0     2     0     3     2     1   559     4     0     2
      0    63    93     0]
 [   15     7     0     2     0     0     0     1     1     0     1     0
      0     0     0     2     0     3     2     0   582     3     0     0
      0     0     0    71]]
                precision    recall  f1-score   support

    admiration       0.53      0.30      0.39      2091
     amusement       0.54      0.47      0.50      1235
         anger       0.23      0.00      0.01      1021
     annoyance       0.13      0.00      0.01      1705
      approval       0.42      0.03      0.06      2199
        caring       0.21      0.01      0.02       701
     confusion       0.17      0.00      0.01      1014
     curiosity       0.76      0.06      0.11      1194
        desire       0.49      0.22      0.30       427
disappointment       0.10      0.00      0.00       933
   disapproval       0.16      0.01      0.01      1584
       disgust       0.33      0.00      0.00       572
 embarrassment       0.00      0.00      0.00       293
    excitement       0.00      0.00      0.00       583
          fear       0.00      0.00      0.00       352
     gratitude       0.90      0.72      0.80      1412
         grief       0.00      0.00      0.00        75
           joy       0.34      0.18      0.23       850
          love       0.60      0.56      0.58       980
   nervousness       0.00      0.00      0.00       179
       neutral       0.37      0.93      0.53     11088
      optimism       0.49      0.23      0.31       929
         pride       0.00      0.00      0.00       126
   realization       0.17      0.00      0.00       944
        relief       0.33      0.01      0.03       147
       remorse       0.39      0.54      0.46       282
       sadness       0.63      0.12      0.21       758
      surprise       0.28      0.10      0.15       690

      accuracy                           0.41     34364
     macro avg       0.31      0.16      0.17     34364
  weighted avg       0.37      0.41      0.30     34364


Top-MLP, {'activation': ('identity', 'logistic', 'tanh', 'relu'), 'solver': ('adam', 'sgd'), 'hidden_layer_sizes': [(30, 50), (10, 10, 10)], 'max_iter': [1]} , sentiment classification
[[ 249  103 3328  151]
 [ 164 1007 6184  334]
 [ 243  313 9844  665]
 [ 130  257 6980 4412]]
              precision    recall  f1-score   support

   ambiguous       0.32      0.06      0.11      3831
    negative       0.60      0.13      0.21      7689
     neutral       0.37      0.89      0.53     11065
    positive       0.79      0.37      0.51     11779

    accuracy                           0.45     34364
   macro avg       0.52      0.37      0.34     34364
weighted avg       0.56      0.45      0.40     34364


Top-MLP, {'activation': ('identity', 'logistic', 'tanh', 'relu'), 'solver': ('adam', 'sgd'), 'hidden_layer_sizes': [(30, 50), (10, 10, 10)], 'max_iter': [1]} , emotion classification
[[   0    0    0    0    0    0    0    0    0    0    0    0    0    0
     0    0    0    0    0    0    0    0    0    0    0    0    0    0
     0    0    0]
 [ 146    0  113    0    4   15    1    3   17   26    7    8    0    0
     0    0  134    1   52   95    0    0 3074   47    0    0    1    1
    40   19   27]
 [   0    0    0    0    0    0    0    0    0    0    0    0    0    0
     0    0    0    0    0    0    0    0    0    0    0    0    0    0
     0    0    0]
 [   0    0    0    0    0    0    0    0    0    0    0    0    0    0
     0    0    0    0    0    0    0    0    0    0    0    0    0    0
     0    0    0]
 [   0    0    0    0    0    0    0    0    0    0    0    0    0    0
     0    0    0    0    0    0    0    0    0    0    0    0    0    0
     0    0    0]
 [   0    0    0    0    0    0    0    0    0    0    0    0    0    0
     0    0    0    0    0    0    0    0    0    0    0    0    0    0
     0    0    0]
 [   0    0    0    0    0    0    0    0    0    0    0    0    0    0
     0    0    0    0    0    0    0    0    0    0    0    0    0    0
     0    0    0]
 [   0    0    0    0    0    0    0    0    0    0    0    0    0    0
     0    0    0    0    0    0    0    0    0    0    0    0    0    0
     0    0    0]
 [   0    0    0    0    0    0    0    0    0    0    0    0    0    0
     0    0    0    0    0    0    0    0    0    0    0    0    0    0
     0    0    0]
 [   0    0    0    0    0    0    0    0    0    0    0    0    0    0
     0    0    0    0    0    0    0    0    0    0    0    0    0    0
     0    0    0]
 [   0    0    0    0    0    0    0    0    0    0    0    0    0    0
     0    0    0    0    0    0    0    0    0    0    0    0    0    0
     0    0    0]
 [   0    0    0    0    0    0    0    0    0    0    0    0    0    0
     0    0    0    0    0    0    0    0    0    0    0    0    0    0
     0    0    0]
 [   0    0    0    0    0    0    0    0    0    0    0    0    0    0
     0    0    0    0    0    0    0    0    0    0    0    0    0    0
     0    0    0]
 [   0    0    0    0    0    0    0    0    0    0    0    0    0    0
     0    0    0    0    0    0    0    0    0    0    0    0    0    0
     0    0    0]
 [   0    0    0    0    0    0    0    0    0    0    0    0    0    0
     0    0    0    0    0    0    0    0    0    0    0    0    0    0
     0    0    0]
 [   0    0    0    0    0    0    0    0    0    0    0    0    0    0
     0    0    0    0    0    0    0    0    0    0    0    0    0    0
     0    0    0]
 [   0    0    0    0    0    0    0    0    0    0    0    0    0    0
     0    0    0    0    0    0    0    0    0    0    0    0    0    0
     0    0    0]
 [   0    0    0    0    0    0    0    0    0    0    0    0    0    0
     0    0    0    0    0    0    0    0    0    0    0    0    0    0
     0    0    0]
 [   0    0    0    0    0    0    0    0    0    0    0    0    0    0
     0    0    0    0    0    0    0    0    0    0    0    0    0    0
     0    0    0]
 [   0    0    0    0    0    0    0    0    0    0    0    0    0    0
     0    0    0    0    0    0    0    0    0    0    0    0    0    0
     0    0    0]
 [ 265    0  249    6   13   35   11    4   17   42    3   10    1    0
     2    1  292    0   98  213    0    1 6151   91    0    0    5    1
    87   37   54]
 [   0    0    0    0    0    0    0    0    0    0    0    0    0    0
     0    0    0    0    0    0    0    0    0    0    0    0    0    0
     0    0    0]
 [ 386    0  325    8   18   65   17    6   31   56    5   34    1    1
     0    1  333    0  155  311    0    0 8905  144    0    2    2    2
   130   46   81]
 [   0    0    0    0    0    0    0    0    0    0    0    0    0    0
     0    0    0    0    0    0    0    0    0    0    0    0    0    0
     0    0    0]
 [ 402    0  367    7   15   69    9   12   27   67    6   25    1    1
     1    3  368    0  142  295    0    0 9528  152    0    2    5    2
   131   48   94]
 [   0    0    0    0    0    0    0    0    0    0    0    0    0    0
     0    0    0    0    0    0    0    0    0    0    0    0    0    0
     0    0    0]
 [   0    0    0    0    0    0    0    0    0    0    0    0    0    0
     0    0    0    0    0    0    0    0    0    0    0    0    0    0
     0    0    0]
 [   0    0    0    0    0    0    0    0    0    0    0    0    0    0
     0    0    0    0    0    0    0    0    0    0    0    0    0    0
     0    0    0]
 [   0    0    0    0    0    0    0    0    0    0    0    0    0    0
     0    0    0    0    0    0    0    0    0    0    0    0    0    0
     0    0    0]
 [   0    0    0    0    0    0    0    0    0    0    0    0    0    0
     0    0    0    0    0    0    0    0    0    0    0    0    0    0
     0    0    0]
 [   0    0    0    0    0    0    0    0    0    0    0    0    0    0
     0    0    0    0    0    0    0    0    0    0    0    0    0    0
     0    0    0]]
                precision    recall  f1-score   support

    admiration       0.53      0.30      0.38      2091
     amusement       0.54      0.46      0.50      1235
         anger       0.19      0.00      0.01      1021
     annoyance       0.14      0.00      0.01      1705
      approval       0.41      0.03      0.06      2199
        caring       0.21      0.01      0.02       701
     confusion       0.16      0.00      0.01      1014
     curiosity       0.77      0.06      0.11      1194
        desire       0.49      0.22      0.30       427
disappointment       0.10      0.00      0.00       933
   disapproval       0.16      0.01      0.01      1584
       disgust       0.33      0.00      0.00       572
 embarrassment       0.00      0.00      0.00       293
    excitement       0.00      0.00      0.00       583
          fear       0.00      0.00      0.00       352
     gratitude       0.90      0.72      0.80      1412
         grief       0.00      0.00      0.00        75
           joy       0.34      0.18      0.23       850
          love       0.60      0.56      0.58       980
   nervousness       0.00      0.00      0.00       179
       neutral       0.37      0.93      0.53     11088
      optimism       0.49      0.23      0.31       929
         pride       0.00      0.00      0.00       126
   realization       0.15      0.00      0.00       944
        relief       0.33      0.01      0.03       147
       remorse       0.39      0.54      0.46       282
       sadness       0.62      0.12      0.20       758
      surprise       0.28      0.10      0.15       690

      accuracy                           0.41     34364
     macro avg       0.30      0.16      0.17     34364
  weighted avg       0.37      0.41      0.30     34364


Top-MLP, param_grid = {'alpha': [0,0.5,1.0,1.5]}, sentiment classification
[[ 618  517 1669  975]
 [ 178 3540 2556 1436]
 [ 403 1631 5955 3211]
 [ 198  770 2619 8088]]
              precision    recall  f1-score   support

   ambiguous       0.44      0.16      0.24      3779
    negative       0.55      0.46      0.50      7710
     neutral       0.47      0.53      0.50     11200
    positive       0.59      0.69      0.64     11675

    accuracy                           0.53     34364
   macro avg       0.51      0.46      0.47     34364
weighted avg       0.52      0.53      0.52     34364


Top-MLP, param_grid = {'alpha': [0,0.5,1.0,1.5]}, emotion classification
[[ 778   11    4   10   45   14    0    9    6    5    7    2    3   16
     4   47    1   31   60    1  971   21    6    8    6    0    1   16]
 [  32  356    6   19   15    1    1    1    2    2    4    0    1   14
     0    4    0   24   10    1  716    8    1    2    0    1    0   10]
 [  10    8  165   63    7    5    2    9    1    6   17   27    1    6
     5    1    0    1    3    0  691    4    1    4    2    0    3    6]
 [  10   25   56  101   24    6   14    3    4   15   40   31   11    7
     8    6    3    2    3    4 1243    5    3   10    0    7   13    7]
 [  84   22    9   23  171   20   15    7    8   16   27    5    3   13
     6   11    4   14   24    2 1632   22    5   21    8    7   10    5]
 [  10    1    2    7   10   80    0    3    3    0    4    3    0    1
     3   11    0    9    6    3  508   23    4    2    1    5    4    2]
 [   3   10    4    8   13    1   83   35    1    7    8    5    3    4
     5    5    0    1    4    3  744    3    3    6    1    2    3    8]
 [  15    9    6   13    6    3   30  154    1    4    1    1    2    8
     2    5    1    2    3    3  899    3    1    4    0    2    2   12]
 [   4    1    1    3    4    3    1    6   54    2    1    1    0    1
     1    4    2    1    7    1  338   10    0    0    0    2    5    1]
 [  11    2   18   14   14    6    8    1    2   68   21   11    5    3
     5    3    1    2    1    4  703    4    2    4    1    6   26    7]
 [  14    9   24   33   33    1    9   11    5   14  120   13   11    1
     8    5    2    6    1    1 1132    7    1   14    2    3    9    5]
 [   2    8   26   18    6    0    3    1    0    1   12   90    4    0
     8    1    1    0    1    2  356    0    1    3    1    2    6    1]
 [   3    4    6   11    5    0    3    2    1    1    4    7   38    1
     1    0    0    2    1    1  209    2    0    2    0    4    1    2]
 [  57    9    6    0    9    0    3    8    8    2    2    0    0   64
     4   10    0   48    4    2  376   11    1    2    1    0    1   16]
 [   4    2    6    2    1    0    0    2    1    2    2    9    2    0
    68    0    3    1    0    5  218    0    1    2    1    0    4    1]
 [  54    9    2    7   15    8    0    3    0    2   11    1    0    2
     1  839    1   24    3    0  378    8    1    4    6    7    1    3]
 [   1    1    1    1    0    2    0    0    0    2    0    0    1    1
     0    0    7    0    0    0   42    0    0    1    0    0    8    0]
 [  43   61    2    1   13    8    1    3    7    2    2    0    0   16
     3   28    0  130   27    1  476    7    3    2    6    0    2    9]
 [  65   11    0    2   11    3    1    3    2    2    1    1    0   12
     0    9    0   17  366    0  507    1    2    2    0    0    2    0]
 [   3    1    0    2    2    7    1    0    1    4    0    1    1    0
     2    0    1    0    0   19   97    0    0    0    1    0    3    1]
 [ 224  131  129  131  224   77   92  105   46   58  189   52   32   51
    38   52   17   80   64   23 8958   61   30   79   17   17   53   57]
 [  25    3    4    6   13   17    1    3   14    3    9    1    1    1
     2   15    1    7    5    2  578  145    4    6    3    1    4    2]
 [  18    0    0    0    0    2    0    1    0    1    1    0    1    1
     0    2    0    5    1    0   95    2   10    1    1    0    0    0]
 [  11    9    9   10   21    3   10    3    1    8   10    9    4    4
     1    5    0    3    3    1  794    5    2   45    0    7    5   13]
 [   7    0    2    1    7    3    0    0    0    0    0    1    0    0
     0    7    0    2    1    0  116    2    0    1   11    1    0    0]
 [   0    0    2    4    3    4    0    0    0    5    2    1    4    0
     2    6    0    1    2    0  177    4    1    0    0   67   12    1]
 [   2    4    9   16    9    6    2    3    2   12   12    6    2    0
     5    6    4    3    3    7  505    1    0    2    1   34  126    3]
 [  25    6    9    3    6    4    2   14    0    5    8    3    3   12
     6    5    0    6    2    1  446    2    0    4    1    1    6  126]]
                precision    recall  f1-score   support

    admiration       0.51      0.37      0.43      2083
     amusement       0.50      0.29      0.37      1231
         anger       0.32      0.16      0.21      1048
     annoyance       0.20      0.06      0.09      1661
      approval       0.25      0.08      0.12      2194
        caring       0.28      0.11      0.16       705
     confusion       0.29      0.09      0.13       973
     curiosity       0.39      0.13      0.19      1192
        desire       0.32      0.12      0.17       454
disappointment       0.27      0.07      0.11       953
   disapproval       0.23      0.08      0.12      1494
       disgust       0.32      0.16      0.22       554
 embarrassment       0.29      0.12      0.17       311
    excitement       0.27      0.10      0.14       644
          fear       0.36      0.20      0.26       337
     gratitude       0.77      0.60      0.68      1390
         grief       0.14      0.10      0.12        68
           joy       0.31      0.15      0.20       853
          love       0.60      0.36      0.45      1020
   nervousness       0.22      0.13      0.16       147
       neutral       0.37      0.81      0.51     11087
      optimism       0.40      0.17      0.23       876
         pride       0.12      0.07      0.09       142
   realization       0.19      0.05      0.07       996
        relief       0.15      0.07      0.09       162
       remorse       0.38      0.22      0.28       298
       sadness       0.41      0.16      0.23       785
      surprise       0.40      0.18      0.25       706

      accuracy                           0.39     34364
     macro avg       0.33      0.19      0.22     34364
  weighted avg       0.37      0.39      0.33     34364


